time	DeviceName	AccX(g)	AccY(g)	AccZ(g)	AsX(°/s)	AsY(°/s)	AsZ(°/s)	AngleX(°)	AngleY(°)	AngleZ(°)	HX(uT)	HY(uT)	HZ(uT)	Q0()	Q1()	Q2()	Q3()	Temperature(°C)	Version()	Battery level(%)
2024-12-23 9:48:16:120	WT901BLE67(C3:46:8C:7D:9E:3D)	0.000	0.000	0.000	0.305	-0.122	0.122	87.61	11.23	171.97	12.950	-49.367	165.475	0.11862	-0.02267	0.69214	0.71152	24.2	10080.1.13	75
2024-12-23 9:48:16:186	WT901BLE67(C3:46:8C:7D:9E:3D)	0.000	0.000	0.000	0.305	-0.122	0.122	87.61	11.15	171.99	12.950	-49.367	165.475	0.11862	-0.02267	0.69214	0.71152	24.2	10080.1.13	75
2024-12-23 9:48:16:298	WT901BLE67(C3:46:8C:7D:9E:3D)	0.000	0.000	0.000	0.305	-0.122	0.122	87.62	10.91	171.99	12.950	-49.367	165.475	0.11563	-0.02029	0.69217	0.71204	24.2	10080.1.13	75
2024-12-23 9:48:16:411	WT901BLE67(C3:46:8C:7D:9E:3D)	0.000	0.000	0.000	0.305	-0.122	0.122	87.57	10.71	172.00	12.950	-49.367	165.475	0.11563	-0.02029	0.69217	0.71204	24.2	10080.1.13	75
2024-12-23 9:48:16:523	WT901BLE67(C3:46:8C:7D:9E:3D)	0.000	0.000	0.000	0.305	-0.122	0.122	87.48	9.81	172.04	12.125	-48.942	165.567	0.11563	-0.02029	0.69217	0.71204	24.2	10080.1.13	75
2024-12-23 9:48:16:592	WT901BLE67(C3:46:8C:7D:9E:3D)	0.000	0.000	0.000	0.305	-0.122	0.122	87.50	10.16	172.05	12.125	-48.942	165.567	0.11563	-0.02029	0.69217	0.71204	24.2	10080.1.13	75
2024-12-23 9:48:16:705	WT901BLE67(C3:46:8C:7D:9E:3D)	0.000	0.000	0.000	0.305	-0.122	0.122	87.53	10.84	172.02	12.125	-48.942	165.567	0.11606	-0.02097	0.69189	0.71222	24.2	10080.1.13	75
2024-12-23 9:48:16:799	WT901BLE67(C3:46:8C:7D:9E:3D)	0.000	0.000	0.000	0.305	-0.122	0.122	87.59	11.59	172.00	12.125	-48.942	165.567	0.11606	-0.02097	0.69189	0.71222	24.2	10080.1.13	75
2024-12-23 9:48:16:907	WT901BLE67(C3:46:8C:7D:9E:3D)	0.000	0.000	0.000	0.305	-0.122	0.122	87.62	12.07	171.98	12.733	-49.433	165.267	0.11606	-0.02097	0.69189	0.71222	24.2	10080.1.13	75
2024-12-23 9:48:16:997	WT901BLE67(C3:46:8C:7D:9E:3D)	0.000	0.000	0.000	0.305	-0.122	0.122	87.63	11.61	171.97	12.733	-49.433	165.267	0.11606	-0.02097	0.69189	0.71222	24.2	10080.1.13	75
2024-12-23 9:48:17:110	WT901BLE67(C3:46:8C:7D:9E:3D)	0.000	0.000	0.000	0.305	-0.122	0.122	87.61	10.68	171.99	12.733	-49.433	165.267	0.11398	-0.01846	0.69232	0.71222	24.2	10080.1.13	75
2024-12-23 9:48:17:206	WT901BLE67(C3:46:8C:7D:9E:3D)	0.000	0.000	0.000	0.305	-0.122	0.122	87.62	10.60	172.01	12.733	-49.433	165.267	0.11398	-0.01846	0.69232	0.71222	24.2	10080.1.13	75
2024-12-23 9:48:17:313	WT901BLE67(C3:46:8C:7D:9E:3D)	0.000	0.000	0.000	0.305	-0.122	0.122	87.56	11.33	172.03	12.633	-49.558	165.975	0.11398	-0.01846	0.69232	0.71222	24.2	10080.1.13	75
2024-12-23 9:48:17:426	WT901BLE67(C3:46:8C:7D:9E:3D)	0.000	0.000	0.000	0.305	-0.122	0.122	87.50	11.78	172.01	12.633	-49.558	165.975	0.11398	-0.01846	0.69232	0.71222	24.2	10080.1.13	75
2024-12-23 9:48:17:537	WT901BLE67(C3:46:8C:7D:9E:3D)	0.000	0.000	0.000	0.305	-0.122	0.122	87.53	11.80	171.99	12.633	-49.558	165.975	0.12024	-0.02502	0.69171	0.71158	24.2	10080.1.13	75
2024-12-23 9:48:17:605	WT901BLE67(C3:46:8C:7D:9E:3D)	0.000	0.000	0.000	0.305	-0.122	0.122	87.61	11.40	172.00	12.633	-49.558	165.975	0.12024	-0.02502	0.69171	0.71158	24.2	10080.1.13	75
2024-12-23 9:48:17:718	WT901BLE67(C3:46:8C:7D:9E:3D)	0.000	0.000	0.000	0.305	-0.122	0.122	87.61	12.05	171.97	13.600	-49.442	166.450	0.12024	-0.02502	0.69171	0.71158	24.2	10080.1.13	75
2024-12-23 9:48:17:808	WT901BLE67(C3:46:8C:7D:9E:3D)	0.000	0.000	0.000	0.305	-0.122	0.122	87.58	12.08	171.97	13.600	-49.442	166.450	0.12024	-0.02502	0.69171	0.71158	24.2	10080.1.13	75
2024-12-23 9:48:17:920	WT901BLE67(C3:46:8C:7D:9E:3D)	0.000	0.000	0.000	0.305	-0.122	0.122	87.56	11.83	171.97	13.600	-49.442	166.450	0.12183	-0.02679	0.69177	0.71118	24.2	10080.1.13	75
2024-12-23 9:48:18:8	WT901BLE67(C3:46:8C:7D:9E:3D)	0.000	0.000	0.000	0.305	-0.122	0.122	87.57	11.63	171.97	13.600	-49.442	166.450	0.12183	-0.02679	0.69177	0.71118	24.2	10080.1.13	75
2024-12-23 9:48:18:123	WT901BLE67(C3:46:8C:7D:9E:3D)	0.000	0.000	0.000	0.305	-0.122	0.122	87.62	11.88	171.97	12.508	-48.925	166.125	0.12183	-0.02679	0.69177	0.71118	24.2	10080.1.13	75
2024-12-23 9:48:18:213	WT901BLE67(C3:46:8C:7D:9E:3D)	0.000	0.000	0.000	0.305	-0.122	0.122	87.63	11.56	171.99	12.508	-48.925	166.125	0.12183	-0.02679	0.69177	0.71118	24.2	10080.1.13	75
2024-12-23 9:48:18:326	WT901BLE67(C3:46:8C:7D:9E:3D)	0.000	0.000	0.000	0.305	-0.122	0.122	87.62	10.63	172.01	12.508	-48.925	166.125	0.11328	-0.01813	0.69229	0.71237	24.2	10080.1.13	75
2024-12-23 9:48:18:438	WT901BLE67(C3:46:8C:7D:9E:3D)	0.000	0.000	0.000	0.305	-0.122	0.122	87.62	10.60	172.02	12.508	-48.925	166.125	0.11328	-0.01813	0.69229	0.71237	24.2	10080.1.13	75
2024-12-23 9:48:18:551	WT901BLE67(C3:46:8C:7D:9E:3D)	0.000	0.000	0.000	0.305	-0.122	0.122	87.64	11.59	172.00	12.833	-49.233	166.025	0.11328	-0.01813	0.69229	0.71237	24.2	10080.1.13	75
2024-12-23 9:48:18:617	WT901BLE67(C3:46:8C:7D:9E:3D)	0.000	0.000	0.000	0.305	-0.122	0.122	87.66	12.27	171.98	12.833	-49.233	166.025	0.11328	-0.01813	0.69229	0.71237	24.2	10080.1.13	75
2024-12-23 9:48:18:731	WT901BLE67(C3:46:8C:7D:9E:3D)	0.000	0.000	0.000	0.305	-0.122	0.122	87.64	11.66	172.01	12.833	-49.233	166.025	0.11780	-0.02280	0.69226	0.71152	24.2	10080.1.13	75
2024-12-23 9:48:18:800	WT901BLE67(C3:46:8C:7D:9E:3D)	0.000	0.000	0.000	0.305	-0.122	0.122	87.61	10.71	172.03	12.833	-49.233	166.025	0.11780	-0.02280	0.69226	0.71152	24.2	10080.1.13	75
2024-12-23 9:48:18:934	WT901BLE67(C3:46:8C:7D:9E:3D)	0.000	0.000	0.000	0.305	-0.122	0.122	87.64	10.38	172.05	12.292	-49.283	165.492	0.11780	-0.02280	0.69226	0.71152	24.2	10080.1.13	75
2024-12-23 9:48:19:2	WT901BLE67(C3:46:8C:7D:9E:3D)	0.000	0.000	0.000	0.305	-0.122	0.122	87.70	7.23	172.13	12.292	-49.283	165.492	0.11780	-0.02280	0.69226	0.71152	24.2	10080.1.13	75
2024-12-23 9:48:19:136	WT901BLE67(C3:46:8C:7D:9E:3D)	0.000	0.000	0.000	0.305	-0.122	0.122	87.69	0.90	172.28	12.292	-49.283	165.492	0.05420	0.04044	0.69153	0.71909	24.2	10080.1.13	75
2024-12-23 9:48:19:225	WT901BLE67(C3:46:8C:7D:9E:3D)	0.000	0.000	0.000	0.305	-0.122	0.122	87.61	2.65	172.22	12.292	-49.283	165.492	0.05420	0.04044	0.69153	0.71909	24.2	10080.1.13	75
2024-12-23 9:48:19:336	WT901BLE67(C3:46:8C:7D:9E:3D)	0.000	0.000	0.000	0.305	-0.122	0.122	87.63	3.76	172.27	10.300	-49.667	178.967	0.05420	0.04044	0.69153	0.71909	24.2	10080.1.13	75
2024-12-23 9:48:19:411	WT901BLE67(C3:46:8C:7D:9E:3D)	0.000	0.000	0.000	0.305	-0.122	0.122	87.66	5.22	172.45	10.300	-49.667	178.967	0.05420	0.04044	0.69153	0.71909	24.2	10080.1.13	75
2024-12-23 9:48:19:564	WT901BLE67(C3:46:8C:7D:9E:3D)	0.000	0.000	0.000	0.305	-0.122	0.122	87.75	7.75	172.73	10.300	-49.667	178.967	0.09534	-0.00870	0.69330	0.71420	24.2	10080.1.13	75
2024-12-23 9:48:19:607	WT901BLE67(C3:46:8C:7D:9E:3D)	0.000	0.000	0.000	0.305	-0.122	0.122	87.90	12.11	173.08	10.300	-49.667	178.967	0.09534	-0.00870	0.69330	0.71420	24.2	10080.1.13	75
2024-12-23 9:48:19:741	WT901BLE67(C3:46:8C:7D:9E:3D)	0.000	0.000	0.000	0.305	-0.122	0.122	88.08	15.75	173.52	13.400	-49.658	184.408	0.09534	-0.00870	0.69330	0.71420	24.2	10080.1.13	75
2024-12-23 9:48:19:809	WT901BLE67(C3:46:8C:7D:9E:3D)	0.000	0.000	0.000	0.305	-0.122	0.122	88.21	16.10	174.02	13.400	-49.658	184.408	0.09534	-0.00870	0.69330	0.71420	24.2	10080.1.13	75
2024-12-23 9:48:19:946	WT901BLE67(C3:46:8C:7D:9E:3D)	0.000	0.000	0.000	0.305	-0.122	0.122	88.27	13.90	174.45	13.400	-49.658	184.408	0.11624	-0.05154	0.69479	0.70782	24.2	10080.1.13	75
2024-12-23 9:48:20:12	WT901BLE67(C3:46:8C:7D:9E:3D)	0.000	0.000	0.000	0.305	-0.122	0.122	88.31	12.78	174.80	13.400	-49.658	184.408	0.11624	-0.05154	0.69479	0.70782	24.2	10080.1.13	75
2024-12-23 9:48:20:148	WT901BLE67(C3:46:8C:7D:9E:3D)	0.000	0.000	0.000	0.305	-0.122	0.122	88.34	14.34	175.02	13.467	-49.275	185.225	0.11624	-0.05154	0.69479	0.70782	24.2	10080.1.13	75
2024-12-23 9:48:20:238	WT901BLE67(C3:46:8C:7D:9E:3D)	0.000	0.000	0.000	0.305	-0.122	0.122	88.21	16.97	175.09	13.467	-49.275	185.225	0.11624	-0.05154	0.69479	0.70782	24.2	10080.1.13	75
2024-12-23 9:48:20:351	WT901BLE67(C3:46:8C:7D:9E:3D)	0.000	0.000	0.000	0.305	-0.122	0.122	88.03	19.04	175.02	13.467	-49.275	185.225	0.14743	-0.09021	0.68942	0.70334	24.2	10080.1.13	75
2024-12-23 9:48:20:417	WT901BLE67(C3:46:8C:7D:9E:3D)	0.000	0.000	0.000	0.305	-0.122	0.122	87.94	19.20	174.81	13.467	-49.275	185.225	0.14743	-0.09021	0.68942	0.70334	24.2	10080.1.13	75
2024-12-23 9:48:20:528	WT901BLE67(C3:46:8C:7D:9E:3D)	0.000	0.000	0.000	0.305	-0.122	0.122	87.74	20.77	174.44	15.300	-48.892	194.750	0.14743	-0.09021	0.68942	0.70334	24.2	10080.1.13	75
2024-12-23 9:48:20:620	WT901BLE67(C3:46:8C:7D:9E:3D)	0.000	0.000	0.000	0.305	-0.122	0.122	87.20	25.64	173.79	15.300	-48.892	194.750	0.14743	-0.09021	0.68942	0.70334	24.2	10080.1.13	75
2024-12-23 9:48:20:755	WT901BLE67(C3:46:8C:7D:9E:3D)	0.000	0.000	0.000	0.305	-0.122	0.122	86.63	26.89	173.09	15.300	-48.892	194.750	0.20068	-0.12637	0.67630	0.69733	24.2	10080.1.13	75
2024-12-23 9:48:20:822	WT901BLE67(C3:46:8C:7D:9E:3D)	0.000	0.000	0.000	0.305	-0.122	0.122	86.56	24.99	172.80	15.300	-48.892	194.750	0.20068	-0.12637	0.67630	0.69733	24.2	10080.1.13	75
2024-12-23 9:48:20:937	WT901BLE67(C3:46:8C:7D:9E:3D)	0.000	0.000	0.000	0.305	-0.122	0.122	86.63	24.42	172.66	15.075	-49.642	203.600	0.20068	-0.12637	0.67630	0.69733	24.2	10080.1.13	75
2024-12-23 9:48:21:24	WT901BLE67(C3:46:8C:7D:9E:3D)	0.000	0.000	0.000	0.305	-0.122	0.122	86.61	24.60	172.62	15.075	-49.642	203.600	0.20068	-0.12637	0.67630	0.69733	24.2	10080.1.13	75
2024-12-23 9:48:21:139	WT901BLE67(C3:46:8C:7D:9E:3D)	0.000	0.000	0.000	0.305	-0.122	0.122	86.54	25.13	172.69	15.075	-49.642	203.600	0.19226	-0.11404	0.67798	0.70020	24.2	10080.1.13	75
2024-12-23 9:48:21:249	WT901BLE67(C3:46:8C:7D:9E:3D)	0.000	0.000	0.000	0.305	-0.122	0.122	86.74	22.90	172.97	15.075	-49.642	203.600	0.19226	-0.11404	0.67798	0.70020	24.2	10080.1.13	75
2024-12-23 9:48:21:361	WT901BLE67(C3:46:8C:7D:9E:3D)	0.000	0.000	0.000	0.305	-0.122	0.122	87.17	19.40	173.29	15.142	-49.242	192.392	0.19226	-0.11404	0.67798	0.70020	24.2	10080.1.13	75
2024-12-23 9:48:21:429	WT901BLE67(C3:46:8C:7D:9E:3D)	0.000	0.000	0.000	0.305	-0.122	0.122	87.30	22.09	173.20	15.142	-49.242	192.392	0.19226	-0.11404	0.67798	0.70020	24.2	10080.1.13	75
2024-12-23 9:48:21:543	WT901BLE67(C3:46:8C:7D:9E:3D)	0.000	0.000	0.000	0.305	-0.122	0.122	87.23	24.38	172.97	15.142	-49.242	192.392	0.19077	-0.11157	0.68347	0.69565	24.2	10080.1.13	75
2024-12-23 9:48:21:630	WT901BLE67(C3:46:8C:7D:9E:3D)	0.000	0.000	0.000	0.305	-0.122	0.122	87.53	24.16	172.85	15.142	-49.242	192.392	0.19077	-0.11157	0.68347	0.69565	24.2	10080.1.13	75
2024-12-23 9:48:21:744	WT901BLE67(C3:46:8C:7D:9E:3D)	0.000	0.000	0.000	0.305	-0.122	0.122	87.42	23.58	172.68	14.483	-50.167	209.967	0.19077	-0.11157	0.68347	0.69565	24.2	10080.1.13	75
2024-12-23 9:48:21:835	WT901BLE67(C3:46:8C:7D:9E:3D)	0.000	0.000	0.000	0.305	-0.122	0.122	87.30	24.35	172.42	14.483	-50.167	209.967	0.19077	-0.11157	0.68347	0.69565	24.2	10080.1.13	75
2024-12-23 9:48:21:947	WT901BLE67(C3:46:8C:7D:9E:3D)	0.000	0.000	0.000	0.305	-0.122	0.122	87.18	25.50	172.23	14.483	-50.167	209.967	0.20047	-0.11411	0.68149	0.69446	24.2	10080.1.13	75
2024-12-23 9:48:22:39	WT901BLE67(C3:46:8C:7D:9E:3D)	0.000	0.000	0.000	0.305	-0.122	0.122	87.17	23.20	172.14	14.483	-50.167	209.967	0.20047	-0.11411	0.68149	0.69446	24.2	10080.1.13	75
2024-12-23 9:48:22:149	WT901BLE67(C3:46:8C:7D:9E:3D)	0.000	0.000	0.000	0.305	-0.122	0.122	87.53	20.78	172.12	16.308	-47.433	182.408	0.20047	-0.11411	0.68149	0.69446	24.2	10080.1.13	75
2024-12-23 9:48:22:263	WT901BLE67(C3:46:8C:7D:9E:3D)	0.000	0.000	0.000	0.305	-0.122	0.122	87.70	21.91	171.81	16.308	-47.433	182.408	0.20047	-0.11411	0.68149	0.69446	24.2	10080.1.13	75
2024-12-23 9:48:22:376	WT901BLE67(C3:46:8C:7D:9E:3D)	0.000	0.000	0.000	0.305	-0.122	0.122	87.68	25.81	171.38	16.308	-47.433	182.408	0.21494	-0.11621	0.68475	0.68649	24.2	10080.1.13	75
2024-12-23 9:48:22:443	WT901BLE67(C3:46:8C:7D:9E:3D)	0.000	0.000	0.000	0.305	-0.122	0.122	87.95	27.94	171.11	16.308	-47.433	182.408	0.21494	-0.11621	0.68475	0.68649	24.2	10080.1.13	75
2024-12-23 9:48:22:554	WT901BLE67(C3:46:8C:7D:9E:3D)	0.000	0.000	0.000	0.305	-0.122	0.122	88.38	28.27	171.14	16.075	-49.167	208.558	0.21494	-0.11621	0.68475	0.68649	24.2	10080.1.13	75
2024-12-23 9:48:22:646	WT901BLE67(C3:46:8C:7D:9E:3D)	0.000	0.000	0.000	0.305	-0.122	0.122	88.59	26.44	171.33	16.075	-49.167	208.558	0.21494	-0.11621	0.68475	0.68649	24.2	10080.1.13	75
2024-12-23 9:48:22:756	WT901BLE67(C3:46:8C:7D:9E:3D)	0.000	0.000	0.000	0.305	-0.122	0.122	88.45	22.89	171.41	16.075	-49.167	208.558	0.18204	-0.08218	0.69263	0.69302	24.2	10080.1.13	75
2024-12-23 9:48:22:846	WT901BLE67(C3:46:8C:7D:9E:3D)	0.000	0.000	0.000	0.305	-0.122	0.122	88.02	17.66	171.55	16.075	-49.167	208.558	0.18204	-0.08218	0.69263	0.69302	24.2	10080.1.13	75
2024-12-23 9:48:22:959	WT901BLE67(C3:46:8C:7D:9E:3D)	0.000	0.000	0.000	0.305	-0.122	0.122	87.63	12.84	171.78	13.100	-50.083	193.458	0.18204	-0.08218	0.69263	0.69302	24.2	10080.1.13	75
2024-12-23 9:48:23:48	WT901BLE67(C3:46:8C:7D:9E:3D)	0.000	0.000	0.000	0.305	-0.122	0.122	87.79	13.07	172.02	13.100	-50.083	193.458	0.18204	-0.08218	0.69263	0.69302	24.2	10080.1.13	75
2024-12-23 9:48:23:163	WT901BLE67(C3:46:8C:7D:9E:3D)	0.000	0.000	0.000	0.305	-0.122	0.122	87.89	11.85	172.23	13.100	-50.083	193.458	0.11581	-0.02383	0.69443	0.70972	24.2	10080.1.13	75
2024-12-23 9:48:23:231	WT901BLE67(C3:46:8C:7D:9E:3D)	0.000	0.000	0.000	0.305	-0.122	0.122	88.23	9.44	172.43	13.100	-50.083	193.458	0.11581	-0.02383	0.69443	0.70972	24.2	10080.1.13	75
2024-12-23 9:48:23:387	WT901BLE67(C3:46:8C:7D:9E:3D)	0.000	0.000	0.000	0.305	-0.122	0.122	88.32	6.80	172.52	10.750	-49.967	193.325	0.11581	-0.02383	0.69443	0.70972	24.2	10080.1.13	75
2024-12-23 9:48:23:431	WT901BLE67(C3:46:8C:7D:9E:3D)	0.000	0.000	0.000	0.305	-0.122	0.122	88.09	5.50	172.54	10.750	-49.967	193.325	0.11581	-0.02383	0.69443	0.70972	24.2	10080.1.13	75
2024-12-23 9:48:23:566	WT901BLE67(C3:46:8C:7D:9E:3D)	0.000	0.000	0.000	0.305	-0.122	0.122	88.04	5.73	172.51	10.750	-49.967	193.325	0.08435	0.00677	0.69510	0.71384	24.2	10080.1.13	75
2024-12-23 9:48:23:633	WT901BLE67(C3:46:8C:7D:9E:3D)	0.000	0.000	0.000	0.305	-0.122	0.122	88.14	7.27	172.45	10.750	-49.967	193.325	0.08435	0.00677	0.69510	0.71384	24.2	10080.1.13	75
2024-12-23 9:48:23:770	WT901BLE67(C3:46:8C:7D:9E:3D)	0.000	0.000	0.000	0.305	-0.122	0.122	88.41	9.60	172.36	11.792	-50.100	191.867	0.08435	0.00677	0.69510	0.71384	24.2	10080.1.13	75
2024-12-23 9:48:23:837	WT901BLE67(C3:46:8C:7D:9E:3D)	0.000	0.000	0.000	0.305	-0.122	0.122	88.53	11.84	172.28	11.792	-50.100	191.867	0.08435	0.00677	0.69510	0.71384	24.2	10080.1.13	75
2024-12-23 9:48:23:970	WT901BLE67(C3:46:8C:7D:9E:3D)	0.000	0.000	0.000	0.305	-0.122	0.122	88.52	12.60	172.21	11.792	-50.100	191.867	0.12405	-0.03030	0.69739	0.70514	24.2	10080.1.13	75
2024-12-23 9:48:24:60	WT901BLE67(C3:46:8C:7D:9E:3D)	0.000	0.000	0.000	0.305	-0.122	0.122	88.50	11.86	172.17	11.792	-50.100	191.867	0.12405	-0.03030	0.69739	0.70514	24.2	10080.1.13	75
2024-12-23 9:48:24:174	WT901BLE67(C3:46:8C:7D:9E:3D)	0.000	0.000	0.000	0.305	-0.122	0.122	88.49	10.54	172.17	12.275	-49.533	191.558	0.12405	-0.03030	0.69739	0.70514	24.2	10080.1.13	75
2024-12-23 9:48:24:240	WT901BLE67(C3:46:8C:7D:9E:3D)	0.000	0.000	0.000	0.305	-0.122	0.122	88.48	9.55	172.19	12.275	-49.533	191.558	0.12405	-0.03030	0.69739	0.70514	24.2	10080.1.13	75
2024-12-23 9:48:24:357	WT901BLE67(C3:46:8C:7D:9E:3D)	0.000	0.000	0.000	0.305	-0.122	0.122	88.41	9.00	172.22	12.275	-49.533	191.558	0.10202	-0.00827	0.69684	0.70981	24.2	10080.1.13	75
2024-12-23 9:48:24:446	WT901BLE67(C3:46:8C:7D:9E:3D)	0.000	0.000	0.000	0.305	-0.122	0.122	88.28	8.81	172.26	12.275	-49.533	191.558	0.10202	-0.00827	0.69684	0.70981	24.2	10080.1.13	75
2024-12-23 9:48:24:580	WT901BLE67(C3:46:8C:7D:9E:3D)	0.000	0.000	0.000	0.305	-0.122	0.122	88.15	8.73	172.30	12.008	-49.533	191.075	0.10202	-0.00827	0.69684	0.70981	24.2	10080.1.13	75
2024-12-23 9:48:24:650	WT901BLE67(C3:46:8C:7D:9E:3D)	0.000	0.000	0.000	0.305	-0.122	0.122	88.11	8.65	172.38	12.008	-49.533	191.075	0.10202	-0.00827	0.69684	0.70981	24.2	10080.1.13	75
2024-12-23 9:48:24:761	WT901BLE67(C3:46:8C:7D:9E:3D)	0.000	0.000	0.000	0.305	-0.122	0.122	88.08	8.33	172.46	12.008	-49.533	191.075	0.09589	-0.00534	0.69510	0.71240	24.2	10080.1.13	75
2024-12-23 9:48:24:851	WT901BLE67(C3:46:8C:7D:9E:3D)	0.000	0.000	0.000	0.305	-0.122	0.122	88.03	7.76	172.55	12.008	-49.533	191.075	0.09589	-0.00534	0.69510	0.71240	24.2	10080.1.13	75
2024-12-23 9:48:24:964	WT901BLE67(C3:46:8C:7D:9E:3D)	0.000	0.000	0.000	0.305	-0.122	0.122	88.02	7.60	172.61	11.075	-49.950	190.708	0.09589	-0.00534	0.69510	0.71240	24.2	10080.1.13	75
2024-12-23 9:48:25:55	WT901BLE67(C3:46:8C:7D:9E:3D)	0.000	0.000	0.000	0.305	-0.122	0.122	88.07	8.45	172.64	11.075	-49.950	190.708	0.09589	-0.00534	0.69510	0.71240	24.2	10080.1.13	75
2024-12-23 9:48:25:166	WT901BLE67(C3:46:8C:7D:9E:3D)	0.000	0.000	0.000	0.305	-0.122	0.122	88.13	9.60	172.64	11.075	-49.950	190.708	0.10562	-0.01721	0.69565	0.71030	24.2	10080.1.13	75
2024-12-23 9:48:25:255	WT901BLE67(C3:46:8C:7D:9E:3D)	0.000	0.000	0.000	0.305	-0.122	0.122	88.20	10.06	172.64	11.075	-49.950	190.708	0.10562	-0.01721	0.69565	0.71030	24.2	10080.1.13	75
2024-12-23 9:48:25:367	WT901BLE67(C3:46:8C:7D:9E:3D)	0.000	0.000	0.000	0.305	-0.122	0.122	88.25	10.20	172.64	11.992	-50.008	190.033	0.10562	-0.01721	0.69565	0.71030	24.2	10080.1.13	75
2024-12-23 9:48:25:458	WT901BLE67(C3:46:8C:7D:9E:3D)	0.000	0.000	0.000	0.305	-0.122	0.122	88.27	10.11	172.65	11.992	-50.008	190.033	0.10562	-0.01721	0.69565	0.71030	24.2	10080.1.13	75
2024-12-23 9:48:25:570	WT901BLE67(C3:46:8C:7D:9E:3D)	0.000	0.000	0.000	0.305	-0.122	0.122	88.31	9.94	172.64	11.992	-50.008	190.033	0.10638	-0.01767	0.69656	0.70929	24.2	10080.1.13	75
2024-12-23 9:48:25:660	WT901BLE67(C3:46:8C:7D:9E:3D)	0.000	0.000	0.000	0.305	-0.122	0.122	88.32	10.11	172.62	11.992	-50.008	190.033	0.10638	-0.01767	0.69656	0.70929	24.2	10080.1.13	75
2024-12-23 9:48:25:773	WT901BLE67(C3:46:8C:7D:9E:3D)	0.000	0.000	0.000	0.305	-0.122	0.122	88.34	10.23	172.65	12.417	-49.933	190.400	0.10638	-0.01767	0.69656	0.70929	24.2	10080.1.13	75
2024-12-23 9:48:25:864	WT901BLE67(C3:46:8C:7D:9E:3D)	0.000	0.000	0.000	0.305	-0.122	0.122	88.23	10.06	172.63	12.417	-49.933	190.400	0.10638	-0.01767	0.69656	0.70929	24.2	10080.1.13	75
2024-12-23 9:48:25:975	WT901BLE67(C3:46:8C:7D:9E:3D)	0.000	0.000	0.000	0.305	-0.122	0.122	87.98	9.84	172.62	12.417	-49.933	190.400	0.10873	-0.02017	0.69388	0.71149	24.2	10080.1.13	75
2024-12-23 9:48:26:65	WT901BLE67(C3:46:8C:7D:9E:3D)	0.000	0.000	0.000	0.305	-0.122	0.122	87.65	9.73	172.54	12.417	-49.933	190.400	0.10873	-0.02017	0.69388	0.71149	24.2	10080.1.13	75
2024-12-23 9:48:26:202	WT901BLE67(C3:46:8C:7D:9E:3D)	0.000	0.000	0.000	0.305	-0.122	0.122	87.68	8.03	172.56	11.308	-50.167	197.325	0.10873	-0.02017	0.69388	0.71149	24.2	10080.1.13	75
2024-12-23 9:48:26:268	WT901BLE67(C3:46:8C:7D:9E:3D)	0.000	0.000	0.000	0.305	-0.122	0.122	87.87	11.91	172.51	11.308	-50.167	197.325	0.10873	-0.02017	0.69388	0.71149	24.2	10080.1.13	75
2024-12-23 9:48:26:381	WT901BLE67(C3:46:8C:7D:9E:3D)	0.000	0.000	0.000	0.305	-0.122	0.122	87.70	17.09	172.50	11.308	-50.167	197.325	0.15863	-0.07236	0.68915	0.70328	24.2	10080.1.13	75
2024-12-23 9:48:26:470	WT901BLE67(C3:46:8C:7D:9E:3D)	0.000	0.000	0.000	0.305	-0.122	0.122	87.60	19.00	172.58	11.308	-50.167	197.325	0.15863	-0.07236	0.68915	0.70328	24.2	10080.1.13	75
2024-12-23 9:48:26:582	WT901BLE67(C3:46:8C:7D:9E:3D)	0.000	0.000	0.000	0.305	-0.122	0.122	87.14	16.35	172.77	12.608	-49.392	200.800	0.15863	-0.07236	0.68915	0.70328	24.2	10080.1.13	75
2024-12-23 9:48:26:673	WT901BLE67(C3:46:8C:7D:9E:3D)	0.000	0.000	0.000	0.305	-0.122	0.122	86.82	13.19	173.12	12.608	-49.392	200.800	0.15863	-0.07236	0.68915	0.70328	24.2	10080.1.13	75
2024-12-23 9:48:26:788	WT901BLE67(C3:46:8C:7D:9E:3D)	0.000	0.000	0.000	0.305	-0.122	0.122	86.70	8.94	173.45	12.608	-49.392	200.800	0.09372	-0.01788	0.68622	0.72104	24.2	10080.1.13	75
2024-12-23 9:48:26:876	WT901BLE67(C3:46:8C:7D:9E:3D)	0.000	0.000	0.000	0.305	-0.122	0.122	86.72	9.04	173.60	12.608	-49.392	200.800	0.09372	-0.01788	0.68622	0.72104	24.2	10080.1.13	75
2024-12-23 9:48:26:989	WT901BLE67(C3:46:8C:7D:9E:3D)	0.000	0.000	0.000	0.305	-0.122	0.122	86.54	5.47	173.82	10.833	-50.967	196.808	0.09372	-0.01788	0.68622	0.72104	24.2	10080.1.13	75
2024-12-23 9:48:27:78	WT901BLE67(C3:46:8C:7D:9E:3D)	0.000	0.000	0.000	0.305	-0.122	0.122	86.61	8.31	173.64	10.833	-50.967	196.808	0.09372	-0.01788	0.68622	0.72104	24.2	10080.1.13	75
2024-12-23 9:48:27:195	WT901BLE67(C3:46:8C:7D:9E:3D)	0.000	0.000	0.000	0.305	-0.122	0.122	86.72	9.15	173.70	10.833	-50.967	196.808	0.08759	-0.01395	0.68768	0.72052	24.2	10080.1.13	75
2024-12-23 9:48:27:257	WT901BLE67(C3:46:8C:7D:9E:3D)	0.000	0.000	0.000	0.305	-0.122	0.122	87.18	7.17	173.89	10.833	-50.967	196.808	0.08759	-0.01395	0.68768	0.72052	24.2	10080.1.13	75
2024-12-23 9:48:27:394	WT901BLE67(C3:46:8C:7D:9E:3D)	0.000	0.000	0.000	0.305	-0.122	0.122	87.08	5.52	174.23	10.833	-50.967	196.808	0.08759	-0.01395	0.68768	0.72052	24.2	10080.1.13	75
2024-12-23 9:48:27:461	WT901BLE67(C3:46:8C:7D:9E:3D)	0.000	0.000	0.000	0.305	-0.122	0.122	86.87	2.69	174.69	9.100	-50.475	198.383	0.08759	-0.01395	0.68768	0.72052	24.2	10080.1.13	75
2024-12-23 9:48:27:596	WT901BLE67(C3:46:8C:7D:9E:3D)	0.000	0.000	0.000	0.305	-0.122	0.122	86.56	5.54	174.79	9.100	-50.475	198.383	0.08759	-0.01395	0.68768	0.72052	24.2	10080.1.13	75
2024-12-23 9:48:27:662	WT901BLE67(C3:46:8C:7D:9E:3D)	0.000	0.000	0.000	0.305	-0.122	0.122	86.33	2.54	174.98	9.100	-50.475	198.383	0.03906	0.02161	0.68396	0.72809	24.2	10080.1.13	75
2024-12-23 9:48:27:800	WT901BLE67(C3:46:8C:7D:9E:3D)	0.000	0.000	0.000	0.305	-0.122	0.122	86.34	0.03	175.05	9.100	-50.475	198.383	0.03906	0.02161	0.68396	0.72809	24.2	10080.1.13	75
2024-12-23 9:48:27:866	WT901BLE67(C3:46:8C:7D:9E:3D)	0.000	0.000	0.000	0.305	-0.122	0.122	86.40	2.16	174.83	8.325	-51.483	201.608	0.03906	0.02161	0.68396	0.72809	24.2	10080.1.13	75
2024-12-23 9:48:28:0	WT901BLE67(C3:46:8C:7D:9E:3D)	0.000	0.000	0.000	0.305	-0.122	0.122	86.38	5.00	174.51	8.325	-51.483	201.608	0.07025	-0.00339	0.68481	0.72525	24.2	10080.1.13	75
2024-12-23 9:48:28:67	WT901BLE67(C3:46:8C:7D:9E:3D)	0.000	0.000	0.000	0.305	-0.122	0.122	86.61	8.14	174.20	8.325	-51.483	201.608	0.07025	-0.00339	0.68481	0.72525	24.2	10080.1.13	75
2024-12-23 9:48:28:203	WT901BLE67(C3:46:8C:7D:9E:3D)	0.000	0.000	0.000	0.305	-0.122	0.122	87.19	10.09	174.14	9.983	-51.108	210.525	0.07025	-0.00339	0.68481	0.72525	24.2	10080.1.13	75
2024-12-23 9:48:28:270	WT901BLE67(C3:46:8C:7D:9E:3D)	0.000	0.000	0.000	0.305	-0.122	0.122	87.37	9.54	174.23	9.983	-51.108	210.525	0.07025	-0.00339	0.68481	0.72525	24.2	10080.1.13	75
2024-12-23 9:48:28:404	WT901BLE67(C3:46:8C:7D:9E:3D)	0.000	0.000	0.000	0.305	-0.122	0.122	87.51	8.99	174.28	9.983	-51.108	210.525	0.08899	-0.02057	0.69150	0.71649	24.2	10080.1.13	75
2024-12-23 9:48:28:474	WT901BLE67(C3:46:8C:7D:9E:3D)	0.000	0.000	0.000	0.305	-0.122	0.122	87.62	5.44	174.25	9.983	-51.108	210.525	0.08899	-0.02057	0.69150	0.71649	24.2	10080.1.13	75
2024-12-23 9:48:28:608	WT901BLE67(C3:46:8C:7D:9E:3D)	0.000	0.000	0.000	0.305	-0.122	0.122	87.85	0.92	174.19	8.917	-51.342	195.475	0.08899	-0.02057	0.69150	0.71649	24.2	10080.1.13	75
2024-12-23 9:48:28:674	WT901BLE67(C3:46:8C:7D:9E:3D)	0.000	0.000	0.000	0.305	-0.122	0.122	88.33	1.18	174.03	8.917	-51.342	195.475	0.08899	-0.02057	0.69150	0.71649	24.2	10080.1.13	75
2024-12-23 9:48:28:811	WT901BLE67(C3:46:8C:7D:9E:3D)	0.000	0.000	0.000	0.305	-0.122	0.122	88.52	6.80	173.82	8.917	-51.342	195.475	0.09372	-0.01834	0.69772	0.70990	24.2	10080.1.13	75
2024-12-23 9:48:28:878	WT901BLE67(C3:46:8C:7D:9E:3D)	0.000	0.000	0.000	0.305	-0.122	0.122	88.53	10.40	173.64	8.917	-51.342	195.475	0.09372	-0.01834	0.69772	0.70990	24.2	10080.1.13	75
2024-12-23 9:48:28:993	WT901BLE67(C3:46:8C:7D:9E:3D)	0.000	0.000	0.000	0.305	-0.122	0.122	88.57	8.66	173.51	11.300	-50.475	190.525	0.09372	-0.01834	0.69772	0.70990	24.2	10080.1.13	75
2024-12-23 9:48:29:80	WT901BLE67(C3:46:8C:7D:9E:3D)	0.000	0.000	0.000	0.305	-0.122	0.122	88.56	8.61	173.38	11.300	-50.475	190.525	0.09372	-0.01834	0.69772	0.70990	24.2	10080.1.13	75
2024-12-23 9:48:29:196	WT901BLE67(C3:46:8C:7D:9E:3D)	0.000	0.000	0.000	0.305	-0.122	0.122	88.54	7.92	173.28	11.300	-50.475	190.525	0.08841	-0.00656	0.69806	0.71045	24.2	10080.1.13	75
2024-12-23 9:48:29:283	WT901BLE67(C3:46:8C:7D:9E:3D)	0.000	0.000	0.000	0.305	-0.122	0.122	88.52	7.22	173.21	11.300	-50.475	190.525	0.08841	-0.00656	0.69806	0.71045	24.2	10080.1.13	75
2024-12-23 9:48:29:403	WT901BLE67(C3:46:8C:7D:9E:3D)	0.000	0.000	0.000	0.305	-0.122	0.122	88.48	6.58	173.19	10.750	-50.017	190.517	0.08841	-0.00656	0.69806	0.71045	24.2	10080.1.13	75
2024-12-23 9:48:29:510	WT901BLE67(C3:46:8C:7D:9E:3D)	0.000	0.000	0.000	0.305	-0.122	0.122	88.42	6.11	173.23	10.750	-50.017	190.517	0.08841	-0.00656	0.69806	0.71045	24.2	10080.1.13	75
2024-12-23 9:48:29:604	WT901BLE67(C3:46:8C:7D:9E:3D)	0.000	0.000	0.000	0.305	-0.122	0.122	88.34	5.64	173.31	10.750	-50.017	190.517	0.08841	-0.00656	0.69806	0.71045	24.2	10080.1.13	75
2024-12-23 9:48:29:687	WT901BLE67(C3:46:8C:7D:9E:3D)	0.000	0.000	0.000	0.305	-0.122	0.122	88.23	5.09	173.45	10.750	-50.017	190.517	0.07043	0.00861	0.69598	0.71448	24.2	10080.1.13	75
2024-12-23 9:48:29:814	WT901BLE67(C3:46:8C:7D:9E:3D)	0.000	0.000	0.000	0.305	-0.122	0.122	88.23	4.48	173.59	10.750	-50.017	190.517	0.07043	0.00861	0.69598	0.71448	24.2	10080.1.13	75
2024-12-23 9:48:29:889	WT901BLE67(C3:46:8C:7D:9E:3D)	0.000	0.000	0.000	0.305	-0.122	0.122	88.39	4.25	173.67	10.067	-49.917	190.042	0.07043	0.00861	0.69598	0.71448	24.2	10080.1.13	75
2024-12-23 9:48:30:3	WT901BLE67(C3:46:8C:7D:9E:3D)	0.000	0.000	0.000	0.305	-0.122	0.122	88.46	4.51	173.68	10.067	-49.917	190.042	0.07043	0.00861	0.69598	0.71448	24.2	10080.1.13	75
2024-12-23 9:48:30:94	WT901BLE67(C3:46:8C:7D:9E:3D)	0.000	0.000	0.000	0.305	-0.122	0.122	88.36	4.71	173.62	10.067	-49.917	190.042	0.06790	0.01022	0.69656	0.71411	24.2	10080.1.13	75
2024-12-23 9:48:30:206	WT901BLE67(C3:46:8C:7D:9E:3D)	0.000	0.000	0.000	0.305	-0.122	0.122	88.25	4.25	173.52	10.067	-49.917	190.042	0.06790	0.01022	0.69656	0.71411	24.2	10080.1.13	75
2024-12-23 9:48:30:295	WT901BLE67(C3:46:8C:7D:9E:3D)	0.000	0.000	0.000	0.305	-0.122	0.122	88.30	4.02	173.38	10.342	-50.158	189.283	0.06790	0.01022	0.69656	0.71411	24.2	10080.1.13	75
2024-12-23 9:48:30:409	WT901BLE67(C3:46:8C:7D:9E:3D)	0.000	0.000	0.000	0.305	-0.122	0.122	88.35	4.51	173.25	10.342	-50.158	189.283	0.06790	0.01022	0.69656	0.71411	24.2	10080.1.13	75
2024-12-23 9:48:30:502	WT901BLE67(C3:46:8C:7D:9E:3D)	0.000	0.000	0.000	0.305	-0.122	0.122	88.39	5.09	173.17	10.342	-50.158	189.283	0.07449	0.00903	0.69717	0.71289	24.2	10080.1.13	75
2024-12-23 9:48:30:612	WT901BLE67(C3:46:8C:7D:9E:3D)	0.000	0.000	0.000	0.305	-0.122	0.122	88.45	5.19	173.12	10.342	-50.158	189.283	0.07449	0.00903	0.69717	0.71289	24.2	10080.1.13	75
2024-12-23 9:48:30:711	WT901BLE67(C3:46:8C:7D:9E:3D)	0.000	0.000	0.000	0.305	-0.122	0.122	88.56	5.08	173.09	10.508	-49.892	190.258	0.07449	0.00903	0.69717	0.71289	24.2	10080.1.13	75
2024-12-23 9:48:30:812	WT901BLE67(C3:46:8C:7D:9E:3D)	0.000	0.000	0.000	0.305	-0.122	0.122	88.62	4.99	173.06	10.508	-49.892	190.258	0.07449	0.00903	0.69717	0.71289	24.2	10080.1.13	75
2024-12-23 9:48:30:902	WT901BLE67(C3:46:8C:7D:9E:3D)	0.000	0.000	0.000	0.305	-0.122	0.122	88.62	5.25	173.01	10.508	-49.892	190.258	0.07675	0.00885	0.69843	0.71143	24.2	10080.1.13	75
2024-12-23 9:48:31:18	WT901BLE67(C3:46:8C:7D:9E:3D)	0.000	0.000	0.000	0.305	-0.122	0.122	88.60	5.64	172.93	10.508	-49.892	190.258	0.07675	0.00885	0.69843	0.71143	24.2	10080.1.13	75
2024-12-23 9:48:31:82	WT901BLE67(C3:46:8C:7D:9E:3D)	0.000	0.000	0.000	0.305	-0.122	0.122	88.58	5.95	172.84	11.050	-50.308	190.658	0.07675	0.00885	0.69843	0.71143	24.2	10080.1.13	75
2024-12-23 9:48:31:218	WT901BLE67(C3:46:8C:7D:9E:3D)	0.000	0.000	0.000	0.305	-0.122	0.122	88.53	5.86	172.77	11.050	-50.308	190.658	0.07675	0.00885	0.69843	0.71143	24.2	10080.1.13	75
2024-12-23 9:48:31:283	WT901BLE67(C3:46:8C:7D:9E:3D)	0.000	0.000	0.000	0.305	-0.122	0.122	88.49	5.45	172.73	11.050	-50.308	190.658	0.07813	0.01035	0.69763	0.71204	24.2	10080.1.13	75
2024-12-23 9:48:31:420	WT901BLE67(C3:46:8C:7D:9E:3D)	0.000	0.000	0.000	0.305	-0.122	0.122	88.47	5.48	172.78	11.050	-50.308	190.658	0.07813	0.01035	0.69763	0.71204	24.2	10080.1.13	75
2024-12-23 9:48:31:495	WT901BLE67(C3:46:8C:7D:9E:3D)	0.000	0.000	0.000	0.305	-0.122	0.122	88.51	5.73	172.87	10.658	-50.167	190.533	0.07813	0.01035	0.69763	0.71204	24.2	10080.1.13	75
2024-12-23 9:48:31:627	WT901BLE67(C3:46:8C:7D:9E:3D)	0.000	0.000	0.000	0.305	-0.122	0.122	88.57	6.07	173.00	10.658	-50.167	190.533	0.07813	0.01035	0.69763	0.71204	24.2	10080.1.13	75
2024-12-23 9:48:31:690	WT901BLE67(C3:46:8C:7D:9E:3D)	0.000	0.000	0.000	0.305	-0.122	0.122	88.57	5.92	173.16	10.658	-50.167	190.533	0.07666	0.00598	0.69824	0.71164	24.2	10080.1.13	75
2024-12-23 9:48:31:825	WT901BLE67(C3:46:8C:7D:9E:3D)	0.000	0.000	0.000	0.305	-0.122	0.122	88.59	5.31	173.28	10.658	-50.167	190.533	0.07666	0.00598	0.69824	0.71164	24.2	10080.1.13	75
2024-12-23 9:48:31:893	WT901BLE67(C3:46:8C:7D:9E:3D)	0.000	0.000	0.000	0.305	-0.122	0.122	88.58	5.40	173.24	10.750	-50.408	190.950	0.07666	0.00598	0.69824	0.71164	24.2	10080.1.13	75
2024-12-23 9:48:32:26	WT901BLE67(C3:46:8C:7D:9E:3D)	0.000	0.000	0.000	0.305	-0.122	0.122	88.54	5.16	172.99	10.750	-50.408	190.950	0.07666	0.00598	0.69824	0.71164	24.2	10080.1.13	75
2024-12-23 9:48:32:99	WT901BLE67(C3:46:8C:7D:9E:3D)	0.000	0.000	0.000	0.305	-0.122	0.122	88.36	4.60	172.69	10.750	-50.408	190.950	0.07654	0.01392	0.69589	0.71387	24.2	10080.1.13	75
2024-12-23 9:48:32:230	WT901BLE67(C3:46:8C:7D:9E:3D)	0.000	0.000	0.000	0.305	-0.122	0.122	88.04	5.92	172.50	10.750	-50.408	190.950	0.07654	0.01392	0.69589	0.71387	24.2	10080.1.13	75
2024-12-23 9:48:32:297	WT901BLE67(C3:46:8C:7D:9E:3D)	0.000	0.000	0.000	0.305	-0.122	0.122	87.77	7.84	172.37	9.533	-50.533	209.625	0.07654	0.01392	0.69589	0.71387	24.2	10080.1.13	75
2024-12-23 9:48:32:432	WT901BLE67(C3:46:8C:7D:9E:3D)	0.000	0.000	0.000	0.305	-0.122	0.122	87.57	6.67	172.47	9.533	-50.533	209.625	0.07654	0.01392	0.69589	0.71387	24.2	10080.1.13	75
2024-12-23 9:48:32:505	WT901BLE67(C3:46:8C:7D:9E:3D)	0.000	0.000	0.000	0.305	-0.122	0.122	87.19	4.91	172.69	9.533	-50.533	209.625	0.07410	0.01324	0.68820	0.72153	24.2	10080.1.13	75
2024-12-23 9:48:32:634	WT901BLE67(C3:46:8C:7D:9E:3D)	0.000	0.000	0.000	0.305	-0.122	0.122	86.81	4.62	172.89	9.533	-50.533	209.625	0.07410	0.01324	0.68820	0.72153	24.2	10080.1.13	75
2024-12-23 9:48:32:704	WT901BLE67(C3:46:8C:7D:9E:3D)	0.000	0.000	0.000	0.305	-0.122	0.122	86.50	4.97	173.04	10.425	-50.233	191.908	0.07410	0.01324	0.68820	0.72153	24.2	10080.1.13	75
2024-12-23 9:48:32:837	WT901BLE67(C3:46:8C:7D:9E:3D)	0.000	0.000	0.000	0.305	-0.122	0.122	86.46	1.74	173.42	10.425	-50.233	191.908	0.07410	0.01324	0.68820	0.72153	24.2	10080.1.13	75
2024-12-23 9:48:32:910	WT901BLE67(C3:46:8C:7D:9E:3D)	0.000	0.000	0.000	0.305	-0.122	0.122	86.69	1.24	173.62	10.425	-50.233	191.908	0.04868	0.02899	0.68643	0.72491	24.2	10080.1.13	75
2024-12-23 9:48:33:40	WT901BLE67(C3:46:8C:7D:9E:3D)	0.000	0.000	0.000	0.305	-0.122	0.122	86.88	2.60	173.66	10.425	-50.233	191.908	0.04868	0.02899	0.68643	0.72491	24.2	10080.1.13	75
2024-12-23 9:48:33:123	WT901BLE67(C3:46:8C:7D:9E:3D)	0.000	0.000	0.000	0.305	-0.122	0.122	86.89	5.64	173.60	9.483	-50.917	204.825	0.04868	0.02899	0.68643	0.72491	24.2	10080.1.13	75
2024-12-23 9:48:33:252	WT901BLE67(C3:46:8C:7D:9E:3D)	0.000	0.000	0.000	0.305	-0.122	0.122	87.07	6.37	173.65	9.483	-50.917	204.825	0.04868	0.02899	0.68643	0.72491	24.2	10080.1.13	75
2024-12-23 9:48:33:308	WT901BLE67(C3:46:8C:7D:9E:3D)	0.000	0.000	0.000	0.305	-0.122	0.122	87.09	3.80	173.94	9.483	-50.917	204.825	0.05447	0.01797	0.68829	0.72308	24.2	10080.1.13	75
2024-12-23 9:48:33:423	WT901BLE67(C3:46:8C:7D:9E:3D)	0.000	0.000	0.000	0.305	-0.122	0.122	87.00	0.38	174.31	9.483	-50.917	204.825	0.05447	0.01797	0.68829	0.72308	24.2	10080.1.13	75
2024-12-23 9:48:33:513	WT901BLE67(C3:46:8C:7D:9E:3D)	0.000	0.000	0.000	0.305	-0.122	0.122	87.01	2.29	174.35	9.308	-51.117	197.108	0.05447	0.01797	0.68829	0.72308	24.2	10080.1.13	75
2024-12-23 9:48:33:635	WT901BLE67(C3:46:8C:7D:9E:3D)	0.000	0.000	0.000	0.305	-0.122	0.122	87.11	3.05	174.23	9.308	-51.117	197.108	0.05447	0.01797	0.68829	0.72308	24.2	10080.1.13	75
2024-12-23 9:48:33:714	WT901BLE67(C3:46:8C:7D:9E:3D)	0.000	0.000	0.000	0.305	-0.122	0.122	87.57	-2.03	174.14	9.308	-51.117	197.108	0.02081	0.05313	0.69070	0.72079	24.2	10080.1.13	75
2024-12-23 9:48:33:827	WT901BLE67(C3:46:8C:7D:9E:3D)	0.000	0.000	0.000	0.305	-0.122	0.122	87.98	-1.36	173.83	9.308	-51.117	197.108	0.02081	0.05313	0.69070	0.72079	24.2	10080.1.13	75
2024-12-23 9:48:33:917	WT901BLE67(C3:46:8C:7D:9E:3D)	0.000	0.000	0.000	0.305	-0.122	0.122	88.24	1.35	173.45	8.192	-49.917	206.417	0.02081	0.05313	0.69070	0.72079	24.2	10080.1.13	75
2024-12-23 9:48:34:30	WT901BLE67(C3:46:8C:7D:9E:3D)	0.000	0.000	0.000	0.305	-0.122	0.122	88.48	2.91	173.12	8.192	-49.917	206.417	0.02081	0.05313	0.69070	0.72079	24.2	10080.1.13	75
2024-12-23 9:48:34:118	WT901BLE67(C3:46:8C:7D:9E:3D)	0.000	0.000	0.000	0.305	-0.122	0.122	88.03	8.08	172.93	8.192	-49.917	206.417	0.10641	-0.02087	0.69247	0.71320	24.2	10080.1.13	75
2024-12-23 9:48:34:232	WT901BLE67(C3:46:8C:7D:9E:3D)	0.000	0.000	0.000	0.305	-0.122	0.122	87.12	11.69	172.63	8.192	-49.917	206.417	0.10641	-0.02087	0.69247	0.71320	24.2	10080.1.13	75
2024-12-23 9:48:34:323	WT901BLE67(C3:46:8C:7D:9E:3D)	0.000	0.000	0.000	0.305	-0.122	0.122	86.45	13.35	172.38	12.833	-49.417	185.842	0.10641	-0.02087	0.69247	0.71320	24.2	10080.1.13	75
2024-12-23 9:48:34:437	WT901BLE67(C3:46:8C:7D:9E:3D)	0.000	0.000	0.000	0.305	-0.122	0.122	86.19	4.64	172.65	12.833	-49.417	185.842	0.10641	-0.02087	0.69247	0.71320	24.2	10080.1.13	75
2024-12-23 9:48:34:530	WT901BLE67(C3:46:8C:7D:9E:3D)	0.000	0.000	0.000	0.305	-0.122	0.122	86.53	-2.86	172.84	12.833	-49.417	185.842	0.01843	0.07071	0.68372	0.72601	24.2	10080.1.13	75
2024-12-23 9:48:34:637	WT901BLE67(C3:46:8C:7D:9E:3D)	0.000	0.000	0.000	0.305	-0.122	0.122	87.48	-2.76	172.64	12.833	-49.417	185.842	0.01843	0.07071	0.68372	0.72601	24.2	10080.1.13	75
2024-12-23 9:48:34:728	WT901BLE67(C3:46:8C:7D:9E:3D)	0.000	0.000	0.000	0.305	-0.122	0.122	87.71	-2.72	172.42	8.858	-49.317	177.383	0.01843	0.07071	0.68372	0.72601	24.2	10080.1.13	75
2024-12-23 9:48:34:838	WT901BLE67(C3:46:8C:7D:9E:3D)	0.000	0.000	0.000	0.305	-0.122	0.122	87.84	-4.96	172.25	8.858	-49.317	177.383	0.01843	0.07071	0.68372	0.72601	24.2	10080.1.13	75
2024-12-23 9:48:34:929	WT901BLE67(C3:46:8C:7D:9E:3D)	0.000	0.000	0.000	0.305	-0.122	0.122	88.01	-5.15	172.10	8.858	-49.317	177.383	0.02264	0.07608	0.69040	0.71899	24.2	10080.1.13	75
2024-12-23 9:48:35:41	WT901BLE67(C3:46:8C:7D:9E:3D)	0.000	0.000	0.000	0.305	-0.122	0.122	87.97	-3.65	172.01	8.858	-49.317	177.383	0.02264	0.07608	0.69040	0.71899	24.2	10080.1.13	75
2024-12-23 9:48:35:132	WT901BLE67(C3:46:8C:7D:9E:3D)	0.000	0.000	0.000	0.305	-0.122	0.122	88.04	-2.68	171.96	9.183	-49.217	179.742	0.02264	0.07608	0.69040	0.71899	24.2	10080.1.13	75
2024-12-23 9:48:35:243	WT901BLE67(C3:46:8C:7D:9E:3D)	0.000	0.000	0.000	0.305	-0.122	0.122	88.14	-2.57	171.97	9.183	-49.217	179.742	0.02264	0.07608	0.69040	0.71899	24.2	10080.1.13	75
2024-12-23 9:48:35:314	WT901BLE67(C3:46:8C:7D:9E:3D)	0.000	0.000	0.000	0.305	-0.122	0.122	88.17	-3.11	172.05	9.183	-49.217	179.742	0.02997	0.06812	0.69229	0.71768	24.2	10080.1.13	75
2024-12-23 9:48:35:447	WT901BLE67(C3:46:8C:7D:9E:3D)	0.000	0.000	0.000	0.305	-0.122	0.122	88.11	-3.09	172.17	9.183	-49.217	179.742	0.02997	0.06812	0.69229	0.71768	24.2	10080.1.13	75
2024-12-23 9:48:35:521	WT901BLE67(C3:46:8C:7D:9E:3D)	0.000	0.000	0.000	0.305	-0.122	0.122	87.92	-2.89	172.28	9.517	-49.075	179.667	0.02997	0.06812	0.69229	0.71768	24.2	10080.1.13	75
2024-12-23 9:48:35:648	WT901BLE67(C3:46:8C:7D:9E:3D)	0.000	0.000	0.000	0.305	-0.122	0.122	87.73	-2.54	172.38	9.517	-49.075	179.667	0.02997	0.06812	0.69229	0.71768	24.2	10080.1.13	75
2024-12-23 9:48:35:718	WT901BLE67(C3:46:8C:7D:9E:3D)	0.000	0.000	0.000	0.305	-0.122	0.122	87.59	-2.33	172.42	9.517	-49.075	179.667	0.03473	0.05911	0.68924	0.72122	24.2	10080.1.13	75
2024-12-23 9:48:35:852	WT901BLE67(C3:46:8C:7D:9E:3D)	0.000	0.000	0.000	0.305	-0.122	0.122	87.52	-1.96	172.41	9.517	-49.075	179.667	0.03473	0.05911	0.68924	0.72122	24.2	10080.1.13	75
2024-12-23 9:48:35:918	WT901BLE67(C3:46:8C:7D:9E:3D)	0.000	0.000	0.000	0.305	-0.122	0.122	87.51	-1.79	172.38	9.600	-49.092	176.192	0.03473	0.05911	0.68924	0.72122	24.2	10080.1.13	75
2024-12-23 9:48:36:54	WT901BLE67(C3:46:8C:7D:9E:3D)	0.000	0.000	0.000	0.305	-0.122	0.122	87.43	-1.83	172.33	9.600	-49.092	176.192	0.03473	0.05911	0.68924	0.72122	24.2	10080.1.13	75
2024-12-23 9:48:36:122	WT901BLE67(C3:46:8C:7D:9E:3D)	0.000	0.000	0.000	0.305	-0.122	0.122	87.39	-1.83	172.27	9.600	-49.092	176.192	0.03757	0.05865	0.68854	0.72177	24.2	10080.1.13	75
2024-12-23 9:48:36:263	WT901BLE67(C3:46:8C:7D:9E:3D)	0.000	0.000	0.000	0.305	-0.122	0.122	87.51	-1.99	172.17	9.600	-49.092	176.192	0.03757	0.05865	0.68854	0.72177	24.2	10080.1.13	75
2024-12-23 9:48:36:323	WT901BLE67(C3:46:8C:7D:9E:3D)	0.000	0.000	0.000	0.305	-0.122	0.122	87.71	-2.19	172.04	9.900	-49.442	177.775	0.03757	0.05865	0.68854	0.72177	24.2	10080.1.13	75
2024-12-23 9:48:36:459	WT901BLE67(C3:46:8C:7D:9E:3D)	0.000	0.000	0.000	0.305	-0.122	0.122	87.87	-2.67	171.93	9.900	-49.442	177.775	0.03757	0.05865	0.68854	0.72177	24.2	10080.1.13	75
2024-12-23 9:48:36:527	WT901BLE67(C3:46:8C:7D:9E:3D)	0.000	0.000	0.000	0.305	-0.122	0.122	87.99	-3.21	171.84	9.900	-49.442	177.775	0.03140	0.07016	0.69131	0.71835	24.2	10080.1.13	75
2024-12-23 9:48:36:661	WT901BLE67(C3:46:8C:7D:9E:3D)	0.000	0.000	0.000	0.305	-0.122	0.122	88.07	-3.33	171.79	9.900	-49.442	177.775	0.03140	0.07016	0.69131	0.71835	24.2	10080.1.13	75
2024-12-23 9:48:36:729	WT901BLE67(C3:46:8C:7D:9E:3D)	0.000	0.000	0.000	0.305	-0.122	0.122	88.15	-3.00	171.80	9.567	-49.058	181.308	0.03140	0.07016	0.69131	0.71835	24.2	10080.1.13	75
2024-12-23 9:48:36:865	WT901BLE67(C3:46:8C:7D:9E:3D)	0.000	0.000	0.000	0.305	-0.122	0.122	88.20	-2.60	171.84	9.567	-49.058	181.308	0.03140	0.07016	0.69131	0.71835	24.2	10080.1.13	75
2024-12-23 9:48:36:932	WT901BLE67(C3:46:8C:7D:9E:3D)	0.000	0.000	0.000	0.305	-0.122	0.122	88.25	-2.35	171.89	9.567	-49.058	181.308	0.03604	0.06378	0.69324	0.71692	24.2	10080.1.13	75
2024-12-23 9:48:37:68	WT901BLE67(C3:46:8C:7D:9E:3D)	0.000	0.000	0.000	0.305	-0.122	0.122	88.23	-2.44	171.97	9.567	-49.058	181.308	0.03604	0.06378	0.69324	0.71692	24.2	10080.1.13	75
2024-12-23 9:48:37:135	WT901BLE67(C3:46:8C:7D:9E:3D)	0.000	0.000	0.000	0.305	-0.122	0.122	88.21	-2.55	172.04	9.017	-48.558	181.733	0.03604	0.06378	0.69324	0.71692	24.2	10080.1.13	75
2024-12-23 9:48:37:268	WT901BLE67(C3:46:8C:7D:9E:3D)	0.000	0.000	0.000	0.305	-0.122	0.122	88.18	-2.20	172.09	9.017	-48.558	181.733	0.03604	0.06378	0.69324	0.71692	24.2	10080.1.13	75
2024-12-23 9:48:37:338	WT901BLE67(C3:46:8C:7D:9E:3D)	0.000	0.000	0.000	0.305	-0.122	0.122	88.14	-1.74	172.13	9.017	-48.558	181.733	0.03983	0.05710	0.69293	0.71756	24.2	10080.1.13	75
2024-12-23 9:48:37:451	WT901BLE67(C3:46:8C:7D:9E:3D)	0.000	0.000	0.000	0.305	-0.122	0.122	88.08	-1.56	172.19	9.017	-48.558	181.733	0.03983	0.05710	0.69293	0.71756	24.2	10080.1.13	75
2024-12-23 9:48:37:540	WT901BLE67(C3:46:8C:7D:9E:3D)	0.000	0.000	0.000	0.305	-0.122	0.122	88.08	-2.01	172.25	9.658	-49.675	180.317	0.03983	0.05710	0.69293	0.71756	24.2	10080.1.13	75
2024-12-23 9:48:37:653	WT901BLE67(C3:46:8C:7D:9E:3D)	0.000	0.000	0.000	0.305	-0.122	0.122	88.07	-2.88	172.36	9.658	-49.675	180.317	0.03983	0.05710	0.69293	0.71756	24.2	10080.1.13	75
2024-12-23 9:48:37:742	WT901BLE67(C3:46:8C:7D:9E:3D)	0.000	0.000	0.000	0.305	-0.122	0.122	88.09	-3.38	172.52	9.658	-49.675	180.317	0.02646	0.06509	0.69226	0.71814	24.2	10080.1.13	75
2024-12-23 9:48:37:861	WT901BLE67(C3:46:8C:7D:9E:3D)	0.000	0.000	0.000	0.305	-0.122	0.122	88.11	-2.93	172.69	9.658	-49.675	180.317	0.02646	0.06509	0.69226	0.71814	24.2	10080.1.13	75
2024-12-23 9:48:37:945	WT901BLE67(C3:46:8C:7D:9E:3D)	0.000	0.000	0.000	0.305	-0.122	0.122	88.22	-1.65	172.80	9.233	-48.650	183.533	0.02646	0.06509	0.69226	0.71814	24.2	10080.1.13	75
2024-12-23 9:48:38:57	WT901BLE67(C3:46:8C:7D:9E:3D)	0.000	0.000	0.000	0.305	-0.122	0.122	88.28	-1.84	172.80	9.233	-48.650	183.533	0.02646	0.06509	0.69226	0.71814	24.2	10080.1.13	75
2024-12-23 9:48:38:147	WT901BLE67(C3:46:8C:7D:9E:3D)	0.000	0.000	0.000	0.305	-0.122	0.122	88.26	-0.92	172.72	9.233	-48.650	183.533	0.05478	0.03503	0.69479	0.71619	24.2	10080.1.13	75
2024-12-23 9:48:38:261	WT901BLE67(C3:46:8C:7D:9E:3D)	0.000	0.000	0.000	0.305	-0.122	0.122	88.16	2.73	172.68	9.233	-48.650	183.533	0.05478	0.03503	0.69479	0.71619	24.2	10080.1.13	75
2024-12-23 9:48:38:350	WT901BLE67(C3:46:8C:7D:9E:3D)	0.000	0.000	0.000	0.305	-0.122	0.122	88.41	4.93	172.72	10.117	-49.650	200.017	0.05478	0.03503	0.69479	0.71619	24.2	10080.1.13	75
2024-12-23 9:48:38:470	WT901BLE67(C3:46:8C:7D:9E:3D)	0.000	0.000	0.000	0.305	-0.122	0.122	88.12	5.23	172.91	10.117	-49.650	200.017	0.05478	0.03503	0.69479	0.71619	24.2	10080.1.13	75
2024-12-23 9:48:38:553	WT901BLE67(C3:46:8C:7D:9E:3D)	0.000	0.000	0.000	0.305	-0.122	0.122	88.16	7.06	173.18	10.117	-49.650	200.017	0.08350	-0.00266	0.69568	0.71341	24.2	10080.1.13	75
2024-12-23 9:48:38:665	WT901BLE67(C3:46:8C:7D:9E:3D)	0.000	0.000	0.000	0.305	-0.122	0.122	88.11	4.04	173.44	10.117	-49.650	200.017	0.08350	-0.00266	0.69568	0.71341	24.2	10080.1.13	75
2024-12-23 9:48:38:755	WT901BLE67(C3:46:8C:7D:9E:3D)	0.000	0.000	0.000	0.305	-0.122	0.122	88.37	-0.11	173.50	10.283	-48.750	184.275	0.08350	-0.00266	0.69568	0.71341	24.2	10080.1.13	75
2024-12-23 9:48:38:873	WT901BLE67(C3:46:8C:7D:9E:3D)	0.000	0.000	0.000	0.305	-0.122	0.122	88.72	-2.77	173.39	10.283	-48.750	184.275	0.08350	-0.00266	0.69568	0.71341	24.2	10080.1.13	75
2024-12-23 9:48:38:958	WT901BLE67(C3:46:8C:7D:9E:3D)	0.000	0.000	0.000	0.305	-0.122	0.122	88.74	0.15	173.18	10.283	-48.750	184.275	0.04593	0.03894	0.69672	0.71475	24.2	10080.1.13	75
2024-12-23 9:48:39:70	WT901BLE67(C3:46:8C:7D:9E:3D)	0.000	0.000	0.000	0.305	-0.122	0.122	88.50	0.07	173.10	10.283	-48.750	184.275	0.04593	0.03894	0.69672	0.71475	24.2	10080.1.13	75
2024-12-23 9:48:39:160	WT901BLE67(C3:46:8C:7D:9E:3D)	0.000	0.000	0.000	0.305	-0.122	0.122	88.42	-0.76	173.23	6.708	-50.325	209.967	0.04593	0.03894	0.69672	0.71475	24.2	10080.1.13	75
2024-12-23 9:48:39:273	WT901BLE67(C3:46:8C:7D:9E:3D)	0.000	0.000	0.000	0.305	-0.122	0.122	87.84	-2.32	173.52	6.708	-50.325	209.967	0.04593	0.03894	0.69672	0.71475	24.2	10080.1.13	75
2024-12-23 9:48:39:363	WT901BLE67(C3:46:8C:7D:9E:3D)	0.000	0.000	0.000	0.305	-0.122	0.122	87.57	-3.02	173.86	6.708	-50.325	209.967	0.02536	0.04913	0.68906	0.72253	24.2	10080.1.13	75
2024-12-23 9:48:39:474	WT901BLE67(C3:46:8C:7D:9E:3D)	0.000	0.000	0.000	0.305	-0.122	0.122	87.34	-2.94	174.03	6.708	-50.325	209.967	0.02536	0.04913	0.68906	0.72253	24.2	10080.1.13	75
2024-12-23 9:48:39:542	WT901BLE67(C3:46:8C:7D:9E:3D)	0.000	0.000	0.000	0.305	-0.122	0.122	87.49	-4.77	174.06	8.225	-48.558	189.492	0.02536	0.04913	0.68906	0.72253	24.2	10080.1.13	75
2024-12-23 9:48:39:678	WT901BLE67(C3:46:8C:7D:9E:3D)	0.000	0.000	0.000	0.305	-0.122	0.122	87.94	-5.50	173.88	8.225	-48.558	189.492	0.02536	0.04913	0.68906	0.72253	24.2	10080.1.13	75
2024-12-23 9:48:39:746	WT901BLE67(C3:46:8C:7D:9E:3D)	0.000	0.000	0.000	0.305	-0.122	0.122	88.28	-1.90	173.60	8.225	-48.558	189.492	0.04294	0.03741	0.69540	0.71628	24.2	10080.1.13	75
2024-12-23 9:48:39:880	WT901BLE67(C3:46:8C:7D:9E:3D)	0.000	0.000	0.000	0.305	-0.122	0.122	88.21	1.62	173.40	8.225	-48.558	189.492	0.04294	0.03741	0.69540	0.71628	24.2	10080.1.13	75
2024-12-23 9:48:39:947	WT901BLE67(C3:46:8C:7D:9E:3D)	0.000	0.000	0.000	0.305	-0.122	0.122	88.28	7.06	173.30	10.658	-50.475	209.458	0.04294	0.03741	0.69540	0.71628	24.2	10080.1.13	75
2024-12-23 9:48:40:84	WT901BLE67(C3:46:8C:7D:9E:3D)	0.000	0.000	0.000	0.305	-0.122	0.122	87.79	11.28	173.33	10.658	-50.475	209.458	0.04294	0.03741	0.69540	0.71628	24.2	10080.1.13	75
2024-12-23 9:48:40:149	WT901BLE67(C3:46:8C:7D:9E:3D)	0.000	0.000	0.000	0.305	-0.122	0.122	87.56	11.17	173.47	10.658	-50.475	209.458	0.08908	-0.01248	0.69080	0.71735	24.2	10080.1.13	75
2024-12-23 9:48:40:285	WT901BLE67(C3:46:8C:7D:9E:3D)	0.000	0.000	0.000	0.305	-0.122	0.122	87.28	3.21	173.73	10.658	-50.475	209.458	0.08908	-0.01248	0.69080	0.71735	24.2	10080.1.13	75
2024-12-23 9:48:40:353	WT901BLE67(C3:46:8C:7D:9E:3D)	0.000	0.000	0.000	0.305	-0.122	0.122	87.36	-2.92	173.88	7.683	-50.758	190.458	0.08908	-0.01248	0.69080	0.71735	24.2	10080.1.13	75
2024-12-23 9:48:40:487	WT901BLE67(C3:46:8C:7D:9E:3D)	0.000	0.000	0.000	0.305	-0.122	0.122	87.71	-5.82	173.93	7.683	-50.758	190.458	0.08908	-0.01248	0.69080	0.71735	24.2	10080.1.13	75
2024-12-23 9:48:40:555	WT901BLE67(C3:46:8C:7D:9E:3D)	0.000	0.000	0.000	0.305	-0.122	0.122	87.70	-4.66	173.86	7.683	-50.758	190.458	0.00723	0.07013	0.68939	0.72089	24.2	10080.1.13	75
2024-12-23 9:48:40:689	WT901BLE67(C3:46:8C:7D:9E:3D)	0.000	0.000	0.000	0.305	-0.122	0.122	87.76	-6.88	173.86	7.683	-50.758	190.458	0.00723	0.07013	0.68939	0.72089	24.2	10080.1.13	75
2024-12-23 9:48:40:758	WT901BLE67(C3:46:8C:7D:9E:3D)	0.000	0.000	0.000	0.305	-0.122	0.122	87.95	-8.11	173.87	6.350	-50.700	195.117	0.00723	0.07013	0.68939	0.72089	24.2	10080.1.13	75
2024-12-23 9:48:40:892	WT901BLE67(C3:46:8C:7D:9E:3D)	0.000	0.000	0.000	0.305	-0.122	0.122	87.85	-7.67	173.86	6.350	-50.700	195.117	0.00723	0.07013	0.68939	0.72089	24.2	10080.1.13	75
2024-12-23 9:48:40:960	WT901BLE67(C3:46:8C:7D:9E:3D)	0.000	0.000	0.000	0.305	-0.122	0.122	87.75	-7.36	173.76	6.350	-50.700	195.117	-0.00604	0.08597	0.68738	0.72110	24.2	10080.1.13	75
2024-12-23 9:48:41:99	WT901BLE67(C3:46:8C:7D:9E:3D)	0.000	0.000	0.000	0.305	-0.122	0.122	87.63	-7.73	173.59	6.350	-50.700	195.117	-0.00604	0.08597	0.68738	0.72110	24.2	10080.1.13	75
2024-12-23 9:48:41:163	WT901BLE67(C3:46:8C:7D:9E:3D)	0.000	0.000	0.000	0.305	-0.122	0.122	87.47	-7.72	173.34	6.458	-51.300	193.725	-0.00604	0.08597	0.68738	0.72110	24.2	10080.1.13	75
2024-12-23 9:48:41:298	WT901BLE67(C3:46:8C:7D:9E:3D)	0.000	0.000	0.000	0.305	-0.122	0.122	87.42	-7.56	173.01	6.458	-51.300	193.725	-0.00604	0.08597	0.68738	0.72110	24.2	10080.1.13	75
2024-12-23 9:48:41:366	WT901BLE67(C3:46:8C:7D:9E:3D)	0.000	0.000	0.000	0.305	-0.122	0.122	87.34	-7.17	172.63	6.458	-51.300	193.725	0.00513	0.09052	0.68387	0.72388	24.2	10080.1.13	75
2024-12-23 9:48:41:484	WT901BLE67(C3:46:8C:7D:9E:3D)	0.000	0.000	0.000	0.305	-0.122	0.122	87.16	-7.18	172.33	6.458	-51.300	193.725	0.00513	0.09052	0.68387	0.72388	24.2	10080.1.13	75
2024-12-23 9:48:41:568	WT901BLE67(C3:46:8C:7D:9E:3D)	0.000	0.000	0.000	0.305	-0.122	0.122	86.94	-7.60	172.15	6.458	-51.300	193.725	0.00513	0.09052	0.68387	0.72388	24.2	10080.1.13	75
2024-12-23 9:48:41:680	WT901BLE67(C3:46:8C:7D:9E:3D)	0.000	0.000	0.000	0.305	-0.122	0.122	86.74	-7.11	172.07	6.700	-51.242	192.492	0.00513	0.09052	0.68387	0.72388	24.2	10080.1.13	75
2024-12-23 9:48:41:771	WT901BLE67(C3:46:8C:7D:9E:3D)	0.000	0.000	0.000	0.305	-0.122	0.122	86.68	-6.59	172.08	6.700	-51.242	192.492	0.00513	0.09052	0.68387	0.72388	24.2	10080.1.13	75
2024-12-23 9:48:41:883	WT901BLE67(C3:46:8C:7D:9E:3D)	0.000	0.000	0.000	0.305	-0.122	0.122	86.63	-6.63	172.21	6.700	-51.242	192.492	0.00916	0.08856	0.68033	0.72742	24.2	10080.1.13	75
2024-12-23 9:48:41:972	WT901BLE67(C3:46:8C:7D:9E:3D)	0.000	0.000	0.000	0.305	-0.122	0.122	86.59	-7.07	172.44	6.700	-51.242	192.492	0.00916	0.08856	0.68033	0.72742	24.2	10080.1.13	75
2024-12-23 9:48:42:85	WT901BLE67(C3:46:8C:7D:9E:3D)	0.000	0.000	0.000	0.305	-0.122	0.122	86.54	-7.82	172.73	6.133	-51.625	191.808	0.00916	0.08856	0.68033	0.72742	24.2	10080.1.13	75
2024-12-23 9:48:42:181	WT901BLE67(C3:46:8C:7D:9E:3D)	0.000	0.000	0.000	0.305	-0.122	0.122	86.54	-7.90	173.01	6.133	-51.625	191.808	0.00916	0.08856	0.68033	0.72742	24.2	10080.1.13	75
2024-12-23 9:48:42:287	WT901BLE67(C3:46:8C:7D:9E:3D)	0.000	0.000	0.000	0.305	-0.122	0.122	86.59	-6.93	176.75	6.133	-51.625	191.808	-0.02039	0.06229	0.68323	0.72720	24.2	10080.1.13	75
2024-12-23 9:48:42:378	WT901BLE67(C3:46:8C:7D:9E:3D)	0.000	0.000	0.000	0.305	-0.122	0.122	86.75	-6.36	176.95	6.133	-51.625	191.808	-0.02039	0.06229	0.68323	0.72720	24.2	10080.1.13	75
2024-12-23 9:48:42:498	WT901BLE67(C3:46:8C:7D:9E:3D)	0.000	0.000	0.000	0.305	-0.122	0.122	86.89	-6.49	177.13	6.125	-50.492	193.033	-0.02039	0.06229	0.68323	0.72720	24.2	10080.1.13	75
2024-12-23 9:48:42:582	WT901BLE67(C3:46:8C:7D:9E:3D)	0.000	0.000	0.000	0.305	-0.122	0.122	87.02	-7.32	177.25	6.125	-50.492	193.033	-0.02039	0.06229	0.68323	0.72720	24.2	10080.1.13	75
2024-12-23 9:48:42:694	WT901BLE67(C3:46:8C:7D:9E:3D)	0.000	0.000	0.000	0.305	-0.122	0.122	87.09	-7.34	177.28	6.125	-50.492	193.033	-0.02603	0.06180	0.68637	0.72409	24.2	10080.1.13	75
2024-12-23 9:48:42:783	WT901BLE67(C3:46:8C:7D:9E:3D)	0.000	0.000	0.000	0.305	-0.122	0.122	87.16	-6.53	177.24	6.125	-50.492	193.033	-0.02603	0.06180	0.68637	0.72409	24.2	10080.1.13	75
2024-12-23 9:48:42:896	WT901BLE67(C3:46:8C:7D:9E:3D)	0.000	0.000	0.000	0.305	-0.122	0.122	87.25	-5.69	177.13	6.900	-51.592	193.000	-0.02603	0.06180	0.68637	0.72409	24.2	10080.1.13	75
2024-12-23 9:48:42:986	WT901BLE67(C3:46:8C:7D:9E:3D)	0.000	0.000	0.000	0.305	-0.122	0.122	87.26	-5.47	177.00	6.900	-51.592	193.000	-0.02603	0.06180	0.68637	0.72409	24.2	10080.1.13	75
2024-12-23 9:48:43:102	WT901BLE67(C3:46:8C:7D:9E:3D)	0.000	0.000	0.000	0.305	-0.122	0.122	87.21	-5.94	176.92	6.900	-51.592	193.000	-0.01736	0.05737	0.68726	0.72385	24.2	10080.1.13	75
2024-12-23 9:48:43:188	WT901BLE67(C3:46:8C:7D:9E:3D)	0.000	0.000	0.000	0.305	-0.122	0.122	87.15	-6.69	176.87	6.900	-51.592	193.000	-0.01736	0.05737	0.68726	0.72385	24.2	10080.1.13	75
2024-12-23 9:48:43:301	WT901BLE67(C3:46:8C:7D:9E:3D)	0.000	0.000	0.000	0.305	-0.122	0.122	87.15	-7.07	176.84	7.050	-51.567	194.000	-0.01736	0.05737	0.68726	0.72385	24.2	10080.1.13	75
2024-12-23 9:48:43:398	WT901BLE67(C3:46:8C:7D:9E:3D)	0.000	0.000	0.000	0.305	-0.122	0.122	87.18	-7.17	176.83	7.050	-51.567	194.000	-0.01736	0.05737	0.68726	0.72385	24.2	10080.1.13	75
2024-12-23 9:48:43:509	WT901BLE67(C3:46:8C:7D:9E:3D)	0.000	0.000	0.000	0.305	-0.122	0.122	87.23	-7.02	176.83	7.050	-51.567	194.000	-0.02176	0.06271	0.68704	0.72351	24.2	10080.1.13	75
2024-12-23 9:48:43:593	WT901BLE67(C3:46:8C:7D:9E:3D)	0.000	0.000	0.000	0.305	-0.122	0.122	87.21	-6.95	176.86	7.050	-51.567	194.000	-0.02176	0.06271	0.68704	0.72351	24.2	10080.1.13	75
2024-12-23 9:48:43:704	WT901BLE67(C3:46:8C:7D:9E:3D)	0.000	0.000	0.000	0.305	-0.122	0.122	87.17	-7.39	176.90	6.475	-51.208	193.058	-0.02176	0.06271	0.68704	0.72351	24.2	10080.1.13	75
2024-12-23 9:48:43:805	WT901BLE67(C3:46:8C:7D:9E:3D)	0.000	0.000	0.000	0.305	-0.122	0.122	87.16	-7.43	176.92	6.475	-51.208	193.058	-0.02176	0.06271	0.68704	0.72351	24.2	10080.1.13	75
2024-12-23 9:48:43:908	WT901BLE67(C3:46:8C:7D:9E:3D)	0.000	0.000	0.000	0.305	-0.122	0.122	87.28	-7.33	176.91	6.475	-51.208	193.058	-0.02396	0.06409	0.68741	0.72299	24.2	10080.1.13	75
2024-12-23 9:48:43:999	WT901BLE67(C3:46:8C:7D:9E:3D)	0.000	0.000	0.000	0.305	-0.122	0.122	87.33	-6.93	176.90	6.475	-51.208	193.058	-0.02396	0.06409	0.68741	0.72299	24.2	10080.1.13	75
2024-12-23 9:48:44:110	WT901BLE67(C3:46:8C:7D:9E:3D)	0.000	0.000	0.000	0.305	-0.122	0.122	87.35	-6.93	176.89	6.275	-51.433	194.017	-0.02396	0.06409	0.68741	0.72299	24.2	10080.1.13	75
2024-12-23 9:48:44:178	WT901BLE67(C3:46:8C:7D:9E:3D)	0.000	0.000	0.000	0.305	-0.122	0.122	87.36	-7.04	176.89	6.275	-51.433	194.017	-0.02396	0.06409	0.68741	0.72299	24.2	10080.1.13	75
2024-12-23 9:48:44:313	WT901BLE67(C3:46:8C:7D:9E:3D)	0.000	0.000	0.000	0.305	-0.122	0.122	87.34	-6.44	176.86	6.275	-51.433	194.017	-0.01865	0.05911	0.68805	0.72293	24.2	10080.1.13	75
2024-12-23 9:48:44:381	WT901BLE67(C3:46:8C:7D:9E:3D)	0.000	0.000	0.000	0.305	-0.122	0.122	87.31	-5.93	176.84	6.275	-51.433	194.017	-0.01865	0.05911	0.68805	0.72293	24.2	10080.1.13	75
2024-12-23 9:48:44:516	WT901BLE67(C3:46:8C:7D:9E:3D)	0.000	0.000	0.000	0.305	-0.122	0.122	87.26	-5.69	176.84	7.475	-51.275	193.908	-0.01865	0.05911	0.68805	0.72293	24.2	10080.1.13	75
2024-12-23 9:48:44:584	WT901BLE67(C3:46:8C:7D:9E:3D)	0.000	0.000	0.000	0.305	-0.122	0.122	87.19	-5.76	176.85	7.475	-51.275	193.908	-0.01865	0.05911	0.68805	0.72293	24.2	10080.1.13	75
2024-12-23 9:48:44:716	WT901BLE67(C3:46:8C:7D:9E:3D)	0.000	0.000	0.000	0.305	-0.122	0.122	86.88	-4.51	176.86	7.475	-51.275	193.908	-0.00424	0.04468	0.68594	0.72620	24.2	10080.1.13	75
2024-12-23 9:48:44:796	WT901BLE67(C3:46:8C:7D:9E:3D)	0.000	0.000	0.000	0.305	-0.122	0.122	86.91	-6.13	176.76	7.475	-51.275	193.908	-0.00424	0.04468	0.68594	0.72620	24.2	10080.1.13	75
2024-12-23 9:48:44:923	WT901BLE67(C3:46:8C:7D:9E:3D)	0.000	0.000	0.000	0.305	-0.122	0.122	87.09	-3.88	176.59	6.158	-51.592	206.683	-0.00424	0.04468	0.68594	0.72620	24.2	10080.1.13	75
2024-12-23 9:48:44:987	WT901BLE67(C3:46:8C:7D:9E:3D)	0.000	0.000	0.000	0.305	-0.122	0.122	87.17	-4.86	176.60	6.158	-51.592	206.683	-0.00424	0.04468	0.68594	0.72620	24.2	10080.1.13	75
2024-12-23 9:48:45:123	WT901BLE67(C3:46:8C:7D:9E:3D)	0.000	0.000	0.000	0.305	-0.122	0.122	87.50	-6.32	176.85	6.158	-51.592	206.683	-0.02026	0.06000	0.68878	0.72214	24.2	10080.1.13	75
2024-12-23 9:48:45:207	WT901BLE67(C3:46:8C:7D:9E:3D)	0.000	0.000	0.000	0.305	-0.122	0.122	87.64	-7.15	177.20	6.158	-51.592	206.683	-0.02026	0.06000	0.68878	0.72214	24.2	10080.1.13	75
2024-12-23 9:48:45:325	WT901BLE67(C3:46:8C:7D:9E:3D)	0.000	0.000	0.000	0.305	-0.122	0.122	88.01	-4.73	177.39	6.258	-51.150	207.167	-0.02026	0.06000	0.68878	0.72214	24.2	10080.1.13	75
2024-12-23 9:48:45:400	WT901BLE67(C3:46:8C:7D:9E:3D)	0.000	0.000	0.000	0.305	-0.122	0.122	88.10	-1.88	177.42	6.258	-51.150	207.167	-0.02026	0.06000	0.68878	0.72214	24.2	10080.1.13	75
2024-12-23 9:48:45:528	WT901BLE67(C3:46:8C:7D:9E:3D)	0.000	0.000	0.000	0.305	-0.122	0.122	88.39	-3.43	177.39	6.258	-51.150	207.167	-0.00769	0.04041	0.69611	0.71667	24.2	10080.1.13	75
2024-12-23 9:48:45:596	WT901BLE67(C3:46:8C:7D:9E:3D)	0.000	0.000	0.000	0.305	-0.122	0.122	88.53	-4.58	177.37	6.258	-51.150	207.167	-0.00769	0.04041	0.69611	0.71667	24.2	10080.1.13	75
2024-12-23 9:48:45:708	WT901BLE67(C3:46:8C:7D:9E:3D)	0.000	0.000	0.000	0.305	-0.122	0.122	88.44	0.72	177.30	7.942	-51.317	207.308	-0.00769	0.04041	0.69611	0.71667	24.2	10080.1.13	75
2024-12-23 9:48:45:806	WT901BLE67(C3:46:8C:7D:9E:3D)	0.000	0.000	0.000	0.305	-0.122	0.122	88.34	3.55	177.34	7.942	-51.317	207.308	-0.00769	0.04041	0.69611	0.71667	24.2	10080.1.13	75
2024-12-23 9:48:45:911	WT901BLE67(C3:46:8C:7D:9E:3D)	0.000	0.000	0.000	0.305	-0.122	0.122	88.37	3.57	177.70	7.942	-51.317	207.308	0.03497	-0.00851	0.69611	0.71695	24.2	10080.1.13	75
2024-12-23 9:48:46:1	WT901BLE67(C3:46:8C:7D:9E:3D)	0.000	0.000	0.000	0.305	-0.122	0.122	87.78	2.60	178.29	7.942	-51.317	207.308	0.03497	-0.00851	0.69611	0.71695	24.2	10080.1.13	75
2024-12-23 9:48:46:112	WT901BLE67(C3:46:8C:7D:9E:3D)	0.000	0.000	0.000	0.305	-0.122	0.122	87.43	0.98	178.80	9.058	-50.867	197.342	0.03497	-0.00851	0.69611	0.71695	24.2	10080.1.13	75
2024-12-23 9:48:46:225	WT901BLE67(C3:46:8C:7D:9E:3D)	0.000	0.000	0.000	0.305	-0.122	0.122	87.22	-0.04	178.91	9.058	-50.867	197.342	0.03497	-0.00851	0.69611	0.71695	24.2	10080.1.13	75
2024-12-23 9:48:46:321	WT901BLE67(C3:46:8C:7D:9E:3D)	0.000	0.000	0.000	0.305	-0.122	0.122	87.32	-2.52	178.88	9.058	-50.867	197.342	-0.00897	0.02356	0.69012	0.72318	24.2	10080.1.13	75
2024-12-23 9:48:46:407	WT901BLE67(C3:46:8C:7D:9E:3D)	0.000	0.000	0.000	0.305	-0.122	0.122	87.38	-3.63	178.80	9.058	-50.867	197.342	-0.00897	0.02356	0.69012	0.72318	24.2	10080.1.13	75
2024-12-23 9:48:46:517	WT901BLE67(C3:46:8C:7D:9E:3D)	0.000	0.000	0.000	0.305	-0.122	0.122	87.48	-0.98	178.56	7.742	-51.600	204.475	-0.00897	0.02356	0.69012	0.72318	24.2	10080.1.13	75
2024-12-23 9:48:46:607	WT901BLE67(C3:46:8C:7D:9E:3D)	0.000	0.000	0.000	0.305	-0.122	0.122	87.77	0.40	178.30	7.742	-51.600	204.475	-0.00897	0.02356	0.69012	0.72318	24.2	10080.1.13	75
2024-12-23 9:48:46:720	WT901BLE67(C3:46:8C:7D:9E:3D)	0.000	0.000	0.000	0.305	-0.122	0.122	88.24	2.46	178.18	7.742	-51.600	204.475	0.02930	-0.00735	0.69592	0.71741	24.2	10080.1.13	75
2024-12-23 9:48:46:811	WT901BLE67(C3:46:8C:7D:9E:3D)	0.000	0.000	0.000	0.305	-0.122	0.122	88.21	3.22	178.21	7.742	-51.600	204.475	0.02930	-0.00735	0.69592	0.71741	24.2	10080.1.13	75
2024-12-23 9:48:46:922	WT901BLE67(C3:46:8C:7D:9E:3D)	0.000	0.000	0.000	0.305	-0.122	0.122	88.11	2.14	178.28	8.792	-51.100	202.542	0.02930	-0.00735	0.69592	0.71741	24.2	10080.1.13	75
2024-12-23 9:48:47:19	WT901BLE67(C3:46:8C:7D:9E:3D)	0.000	0.000	0.000	0.305	-0.122	0.122	87.96	1.24	178.14	8.792	-51.100	202.542	0.02930	-0.00735	0.69592	0.71741	24.2	10080.1.13	75
2024-12-23 9:48:47:128	WT901BLE67(C3:46:8C:7D:9E:3D)	0.000	0.000	0.000	0.305	-0.122	0.122	87.87	-4.90	177.96	8.792	-51.100	202.542	-0.02246	0.04971	0.69211	0.71967	24.2	10080.1.13	75
2024-12-23 9:48:47:214	WT901BLE67(C3:46:8C:7D:9E:3D)	0.000	0.000	0.000	0.305	-0.122	0.122	88.04	-5.06	177.63	8.792	-51.100	202.542	-0.02246	0.04971	0.69211	0.71967	24.2	10080.1.13	75
2024-12-23 9:48:47:328	WT901BLE67(C3:46:8C:7D:9E:3D)	0.000	0.000	0.000	0.305	-0.122	0.122	87.90	-2.98	177.27	7.408	-51.167	193.708	-0.02246	0.04971	0.69211	0.71967	24.2	10080.1.13	75
2024-12-23 9:48:47:417	WT901BLE67(C3:46:8C:7D:9E:3D)	0.000	0.000	0.000	0.305	-0.122	0.122	87.76	-2.20	176.90	7.408	-51.167	193.708	-0.02246	0.04971	0.69211	0.71967	24.2	10080.1.13	75
2024-12-23 9:48:47:531	WT901BLE67(C3:46:8C:7D:9E:3D)	0.000	0.000	0.000	0.305	-0.122	0.122	87.91	-2.97	176.62	7.408	-51.167	193.708	0.00317	0.04007	0.69315	0.71960	24.2	10080.1.13	75
2024-12-23 9:48:47:621	WT901BLE67(C3:46:8C:7D:9E:3D)	0.000	0.000	0.000	0.305	-0.122	0.122	87.98	-2.80	176.34	7.408	-51.167	193.708	0.00317	0.04007	0.69315	0.71960	24.2	10080.1.13	75
2024-12-23 9:48:47:732	WT901BLE67(C3:46:8C:7D:9E:3D)	0.000	0.000	0.000	0.305	-0.122	0.122	88.08	-2.53	176.09	7.717	-51.300	194.792	0.00317	0.04007	0.69315	0.71960	24.2	10080.1.13	75
2024-12-23 9:48:47:822	WT901BLE67(C3:46:8C:7D:9E:3D)	0.000	0.000	0.000	0.305	-0.122	0.122	88.10	-3.05	175.96	7.717	-51.300	194.792	0.00317	0.04007	0.69315	0.71960	24.2	10080.1.13	75
2024-12-23 9:48:47:935	WT901BLE67(C3:46:8C:7D:9E:3D)	0.000	0.000	0.000	0.305	-0.122	0.122	88.12	-3.85	175.94	7.717	-51.300	194.792	0.00070	0.05005	0.69376	0.71838	24.2	10080.1.13	75
2024-12-23 9:48:48:24	WT901BLE67(C3:46:8C:7D:9E:3D)	0.000	0.000	0.000	0.305	-0.122	0.122	88.25	-4.44	175.97	7.717	-51.300	194.792	0.00070	0.05005	0.69376	0.71838	24.2	10080.1.13	75
2024-12-23 9:48:48:138	WT901BLE67(C3:46:8C:7D:9E:3D)	0.000	0.000	0.000	0.305	-0.122	0.122	88.42	-4.49	176.06	7.783	-51.417	197.150	0.00070	0.05005	0.69376	0.71838	24.2	10080.1.13	75
2024-12-23 9:48:48:204	WT901BLE67(C3:46:8C:7D:9E:3D)	0.000	0.000	0.000	0.305	-0.122	0.122	88.40	-4.13	176.26	7.783	-51.417	197.150	0.00070	0.05005	0.69376	0.71838	24.2	10080.1.13	75
2024-12-23 9:48:48:341	WT901BLE67(C3:46:8C:7D:9E:3D)	0.000	0.000	0.000	0.305	-0.122	0.122	88.32	-4.13	176.48	7.783	-51.417	197.150	-0.00333	0.04694	0.69510	0.71729	24.2	10080.1.13	75
2024-12-23 9:48:48:411	WT901BLE67(C3:46:8C:7D:9E:3D)	0.000	0.000	0.000	0.305	-0.122	0.122	88.29	-4.08	176.65	7.783	-51.417	197.150	-0.00333	0.04694	0.69510	0.71729	24.2	10080.1.13	75
2024-12-23 9:48:48:544	WT901BLE67(C3:46:8C:7D:9E:3D)	0.000	0.000	0.000	0.305	-0.122	0.122	88.26	-3.81	176.76	7.708	-51.108	193.558	-0.00333	0.04694	0.69510	0.71729	24.2	10080.1.13	75
2024-12-23 9:48:48:614	WT901BLE67(C3:46:8C:7D:9E:3D)	0.000	0.000	0.000	0.305	-0.122	0.122	88.23	-3.83	176.82	7.708	-51.108	193.558	-0.00333	0.04694	0.69510	0.71729	24.2	10080.1.13	75
2024-12-23 9:48:48:745	WT901BLE67(C3:46:8C:7D:9E:3D)	0.000	0.000	0.000	0.305	-0.122	0.122	88.19	-3.87	176.87	7.708	-51.108	193.558	-0.00391	0.04318	0.69449	0.71814	24.2	10080.1.13	75
2024-12-23 9:48:48:812	WT901BLE67(C3:46:8C:7D:9E:3D)	0.000	0.000	0.000	0.305	-0.122	0.122	88.13	-3.76	176.89	7.708	-51.108	193.558	-0.00391	0.04318	0.69449	0.71814	24.2	10080.1.13	75
2024-12-23 9:48:48:948	WT901BLE67(C3:46:8C:7D:9E:3D)	0.000	0.000	0.000	0.305	-0.122	0.122	88.13	-3.70	176.90	8.033	-51.242	193.633	-0.00391	0.04318	0.69449	0.71814	24.2	10080.1.13	75
2024-12-23 9:48:49:19	WT901BLE67(C3:46:8C:7D:9E:3D)	0.000	0.000	0.000	0.305	-0.122	0.122	88.14	-3.70	176.89	8.033	-51.242	193.633	-0.00391	0.04318	0.69449	0.71814	24.2	10080.1.13	75
2024-12-23 9:48:49:151	WT901BLE67(C3:46:8C:7D:9E:3D)	0.000	0.000	0.000	0.305	-0.122	0.122	88.16	-3.34	176.87	8.033	-51.242	193.633	-0.00009	0.03937	0.69452	0.71832	24.2	10080.1.13	75
2024-12-23 9:48:49:219	WT901BLE67(C3:46:8C:7D:9E:3D)	0.000	0.000	0.000	0.305	-0.122	0.122	88.15	-2.69	176.85	8.033	-51.242	193.633	-0.00009	0.03937	0.69452	0.71832	24.2	10080.1.13	75
2024-12-23 9:48:49:352	WT901BLE67(C3:46:8C:7D:9E:3D)	0.000	0.000	0.000	0.305	-0.122	0.122	88.07	-1.87	176.82	7.900	-51.033	192.392	-0.00009	0.03937	0.69452	0.71832	24.2	10080.1.13	75
2024-12-23 9:48:49:419	WT901BLE67(C3:46:8C:7D:9E:3D)	0.000	0.000	0.000	0.305	-0.122	0.122	88.03	-1.70	176.81	7.900	-51.033	192.392	-0.00009	0.03937	0.69452	0.71832	24.2	10080.1.13	75
2024-12-23 9:48:49:554	WT901BLE67(C3:46:8C:7D:9E:3D)	0.000	0.000	0.000	0.305	-0.122	0.122	88.07	-2.07	176.81	7.900	-51.033	192.392	0.00693	0.03275	0.69431	0.71884	24.2	10080.1.13	75
2024-12-23 9:48:49:623	WT901BLE67(C3:46:8C:7D:9E:3D)	0.000	0.000	0.000	0.305	-0.122	0.122	88.06	-2.37	176.81	7.900	-51.033	192.392	0.00693	0.03275	0.69431	0.71884	24.2	10080.1.13	75
2024-12-23 9:48:50:330	WT901BLE67(C3:46:8C:7D:9E:3D)	0.000	0.000	0.000	0.305	-0.122	0.122	88.04	-2.59	176.80	7.958	-50.933	192.808	0.00693	0.03275	0.69431	0.71884	24.2	10080.1.13	75
2024-12-23 9:48:50:332	WT901BLE67(C3:46:8C:7D:9E:3D)	0.000	0.000	0.000	0.305	-0.122	0.122	87.98	-2.65	176.81	7.958	-50.933	192.808	0.00693	0.03275	0.69431	0.71884	24.2	10080.1.13	75
2024-12-23 9:48:50:333	WT901BLE67(C3:46:8C:7D:9E:3D)	0.000	0.000	0.000	0.305	-0.122	0.122	87.91	-2.83	176.82	7.958	-50.933	192.808	0.00693	0.03275	0.69431	0.71884	24.2	10080.1.13	75
2024-12-23 9:48:50:334	WT901BLE67(C3:46:8C:7D:9E:3D)	0.000	0.000	0.000	0.305	-0.122	0.122	87.90	-2.86	176.85	7.958	-50.933	192.808	0.00693	0.03275	0.69431	0.71884	24.2	10080.1.13	75
2024-12-23 9:48:50:348	WT901BLE67(C3:46:8C:7D:9E:3D)	0.000	0.000	0.000	0.305	-0.122	0.122	87.86	-2.76	176.85	7.958	-50.933	192.808	0.00693	0.03275	0.69431	0.71884	24.2	10080.1.13	75
2024-12-23 9:48:50:349	WT901BLE67(C3:46:8C:7D:9E:3D)	0.000	0.000	0.000	0.305	-0.122	0.122	87.85	-2.77	176.86	7.958	-50.933	192.808	0.00693	0.03275	0.69431	0.71884	24.2	10080.1.13	75
2024-12-23 9:48:50:380	WT901BLE67(C3:46:8C:7D:9E:3D)	0.000	0.000	0.000	0.305	-0.122	0.122	87.86	-2.26	176.89	7.958	-50.933	192.808	0.00693	0.03275	0.69431	0.71884	24.2	10080.1.13	75
2024-12-23 9:48:50:464	WT901BLE67(C3:46:8C:7D:9E:3D)	0.000	0.000	0.000	0.305	-0.122	0.122	87.85	-1.37	176.93	8.908	-50.975	192.192	0.01254	0.02545	0.69281	0.72049	24.2	10080.1.13	75
2024-12-23 9:48:50:545	WT901BLE67(C3:46:8C:7D:9E:3D)	0.000	0.000	0.000	0.305	-0.122	0.122	87.56	-0.90	176.91	8.908	-50.975	192.192	0.01254	0.02545	0.69281	0.72049	24.2	10080.1.13	75
2024-12-23 9:48:50:653	WT901BLE67(C3:46:8C:7D:9E:3D)	0.000	0.000	0.000	0.305	-0.122	0.122	87.40	-3.71	176.91	7.517	-51.192	197.833	0.01254	0.02545	0.69281	0.72049	24.2	10080.1.13	75
2024-12-23 9:48:50:747	WT901BLE67(C3:46:8C:7D:9E:3D)	0.000	0.000	0.000	0.305	-0.122	0.122	87.52	-0.48	176.83	7.517	-51.192	197.833	0.01947	0.01974	0.69135	0.72192	24.2	10080.1.13	75
2024-12-23 9:48:50:836	WT901BLE67(C3:46:8C:7D:9E:3D)	0.000	0.000	0.000	0.305	-0.122	0.122	87.53	1.80	176.84	7.517	-51.192	197.833	0.01947	0.01974	0.69135	0.72192	24.2	10080.1.13	75
2024-12-23 9:48:50:948	WT901BLE67(C3:46:8C:7D:9E:3D)	0.000	0.000	0.000	0.305	-0.122	0.122	87.47	3.64	177.01	8.000	-51.992	212.025	0.01947	0.01974	0.69135	0.72192	24.2	10080.1.13	75
2024-12-23 9:48:51:38	WT901BLE67(C3:46:8C:7D:9E:3D)	0.000	0.000	0.000	0.305	-0.122	0.122	87.23	1.60	177.43	8.000	-51.992	212.025	0.01947	0.01974	0.69135	0.72192	24.2	10080.1.13	75
2024-12-23 9:48:51:152	WT901BLE67(C3:46:8C:7D:9E:3D)	0.000	0.000	0.000	0.305	-0.122	0.122	87.08	-0.72	177.88	8.000	-51.992	212.025	0.00610	0.01974	0.68820	0.72516	24.2	10080.1.13	75
2024-12-23 9:48:51:246	WT901BLE67(C3:46:8C:7D:9E:3D)	0.000	0.000	0.000	0.305	-0.122	0.122	86.81	-3.52	178.18	8.000	-51.992	212.025	0.00610	0.01974	0.68820	0.72516	24.2	10080.1.13	75
2024-12-23 9:48:51:354	WT901BLE67(C3:46:8C:7D:9E:3D)	0.000	0.000	0.000	0.305	-0.122	0.122	87.01	-6.44	178.33	7.500	-49.717	194.133	0.00610	0.01974	0.68820	0.72516	24.2	10080.1.13	75
2024-12-23 9:48:51:453	WT901BLE67(C3:46:8C:7D:9E:3D)	0.000	0.000	0.000	0.305	-0.122	0.122	87.13	-8.68	178.38	7.500	-49.717	194.133	0.00610	0.01974	0.68820	0.72516	24.2	10080.1.13	75
2024-12-23 9:48:51:576	WT901BLE67(C3:46:8C:7D:9E:3D)	0.000	0.000	0.000	0.305	-0.122	0.122	87.07	-6.41	178.35	7.500	-49.717	194.133	-0.02448	0.04681	0.68695	0.72470	24.2	10080.1.13	75
2024-12-23 9:48:51:647	WT901BLE67(C3:46:8C:7D:9E:3D)	0.000	0.000	0.000	0.305	-0.122	0.122	86.98	-6.04	178.41	7.500	-49.717	194.133	-0.02448	0.04681	0.68695	0.72470	24.2	10080.1.13	75
2024-12-23 9:48:51:766	WT901BLE67(C3:46:8C:7D:9E:3D)	0.000	0.000	0.000	0.305	-0.122	0.122	86.85	-7.23	178.65	5.592	-50.050	203.250	-0.02448	0.04681	0.68695	0.72470	24.2	10080.1.13	75
2024-12-23 9:48:51:849	WT901BLE67(C3:46:8C:7D:9E:3D)	0.000	0.000	0.000	0.305	-0.122	0.122	86.64	-8.42	178.95	5.592	-50.050	203.250	-0.02448	0.04681	0.68695	0.72470	24.2	10080.1.13	75
2024-12-23 9:48:52:40	WT901BLE67(C3:46:8C:7D:9E:3D)	0.000	0.000	0.000	0.305	-0.122	0.122	86.69	-7.64	178.97	5.592	-50.050	203.250	-0.03848	0.05530	0.68466	0.72568	24.2	10080.1.13	75
2024-12-23 9:48:52:60	WT901BLE67(C3:46:8C:7D:9E:3D)	0.000	0.000	0.000	0.305	-0.122	0.122	86.82	-8.53	178.78	5.592	-50.050	203.250	-0.03848	0.05530	0.68466	0.72568	24.2	10080.1.13	75
2024-12-23 9:48:52:250	WT901BLE67(C3:46:8C:7D:9E:3D)	0.000	0.000	0.000	0.305	-0.122	0.122	87.46	-10.19	178.45	6.125	-50.517	197.058	-0.03848	0.05530	0.68466	0.72568	24.2	10080.1.13	75
2024-12-23 9:48:52:350	WT901BLE67(C3:46:8C:7D:9E:3D)	0.000	0.000	0.000	0.305	-0.122	0.122	87.88	-10.42	178.07	6.125	-50.517	197.058	-0.03848	0.05530	0.68466	0.72568	24.2	10080.1.13	75
2024-12-23 9:48:52:369	WT901BLE67(C3:46:8C:7D:9E:3D)	0.000	0.000	0.000	0.305	-0.122	0.122	87.92	-6.84	177.73	6.125	-50.517	197.058	-0.03848	0.05530	0.68466	0.72568	24.2	10080.1.13	75
2024-12-23 9:48:52:436	WT901BLE67(C3:46:8C:7D:9E:3D)	0.000	0.000	0.000	0.305	-0.122	0.122	88.41	-5.87	177.52	6.125	-50.517	197.058	-0.02008	0.04990	0.69412	0.71777	24.2	10080.1.13	75
2024-12-23 9:48:52:592	WT901BLE67(C3:46:8C:7D:9E:3D)	0.000	0.000	0.000	0.305	-0.122	0.122	87.94	-5.99	177.80	6.125	-50.517	197.058	-0.02008	0.04990	0.69412	0.71777	24.2	10080.1.13	75
2024-12-23 9:48:52:666	WT901BLE67(C3:46:8C:7D:9E:3D)	0.000	0.000	0.000	0.305	-0.122	0.122	87.69	-7.34	178.09	6.275	-51.017	197.808	-0.02008	0.04990	0.69412	0.71777	24.2	10080.1.13	75
2024-12-23 9:48:52:782	WT901BLE67(C3:46:8C:7D:9E:3D)	0.000	0.000	0.000	0.305	-0.122	0.122	87.46	-7.55	178.28	6.275	-51.017	197.808	-0.02008	0.04990	0.69412	0.71777	24.2	10080.1.13	75
2024-12-23 9:48:52:845	WT901BLE67(C3:46:8C:7D:9E:3D)	0.000	0.000	0.000	0.305	-0.122	0.122	87.32	-13.41	178.47	6.275	-51.017	197.808	-0.07864	0.10095	0.68369	0.71838	24.2	10080.1.13	75
2024-12-23 9:48:53:5	WT901BLE67(C3:46:8C:7D:9E:3D)	0.000	0.000	0.000	0.305	-0.122	0.122	87.56	-14.24	178.51	6.275	-51.017	197.808	-0.07864	0.10095	0.68369	0.71838	24.2	10080.1.13	75
2024-12-23 9:48:53:52	WT901BLE67(C3:46:8C:7D:9E:3D)	0.000	0.000	0.000	0.305	-0.122	0.122	87.74	-12.55	178.42	5.192	-51.242	195.942	-0.07864	0.10095	0.68369	0.71838	24.2	10080.1.13	75
2024-12-23 9:48:53:194	WT901BLE67(C3:46:8C:7D:9E:3D)	0.000	0.000	0.000	0.305	-0.122	0.122	87.79	-9.77	178.26	5.192	-51.242	195.942	-0.07864	0.10095	0.68369	0.71838	24.2	10080.1.13	75
2024-12-23 9:48:53:259	WT901BLE67(C3:46:8C:7D:9E:3D)	0.000	0.000	0.000	0.305	-0.122	0.122	88.19	-8.73	178.05	5.192	-51.242	195.942	-0.04034	0.06656	0.69363	0.71603	24.2	10080.1.13	75
2024-12-23 9:48:53:412	WT901BLE67(C3:46:8C:7D:9E:3D)	0.000	0.000	0.000	0.305	-0.122	0.122	88.40	-8.84	177.94	5.192	-51.242	195.942	-0.04034	0.06656	0.69363	0.71603	24.2	10080.1.13	75
2024-12-23 9:48:53:468	WT901BLE67(C3:46:8C:7D:9E:3D)	0.000	0.000	0.000	0.305	-0.122	0.122	88.32	-8.96	177.88	5.192	-51.242	195.942	-0.04034	0.06656	0.69363	0.71603	24.2	10080.1.13	60
2024-12-23 9:48:53:609	WT901BLE67(C3:46:8C:7D:9E:3D)	0.000	0.000	0.000	0.305	-0.122	0.122	88.27	-9.54	177.74	5.192	-51.242	195.942	-0.04034	0.06656	0.69363	0.71603	24.2	10080.1.13	60
2024-12-23 9:48:53:651	WT901BLE67(C3:46:8C:7D:9E:3D)	0.000	0.000	0.000	0.305	-0.122	0.122	88.16	-9.81	177.56	5.192	-51.242	195.942	-0.04034	0.06656	0.69363	0.71603	23.4	10080.1.13	60
2024-12-23 9:48:53:815	WT901BLE67(C3:46:8C:7D:9E:3D)	0.000	0.000	0.000	0.305	-0.122	0.122	87.95	-9.32	177.39	5.192	-51.242	195.942	-0.04034	0.06656	0.69363	0.71603	23.4	10080.1.13	60
2024-12-23 9:48:53:883	WT901BLE67(C3:46:8C:7D:9E:3D)	0.000	0.000	0.000	0.305	-0.122	0.122	87.81	-8.65	177.23	5.825	-51.292	191.150	-0.04034	0.06656	0.69363	0.71603	23.4	10080.1.13	60
2024-12-23 9:48:54:21	WT901BLE67(C3:46:8C:7D:9E:3D)	0.000	0.000	0.000	0.305	-0.122	0.122	87.67	-7.84	177.11	5.825	-51.292	191.150	-0.04034	0.06656	0.69363	0.71603	23.4	10080.1.13	60
2024-12-23 9:48:54:57	WT901BLE67(C3:46:8C:7D:9E:3D)	0.000	0.000	0.000	0.305	-0.122	0.122	87.54	-7.55	177.04	5.825	-51.292	191.150	-0.02728	0.06650	0.68854	0.72156	23.4	10080.1.13	60
2024-12-23 9:48:54:169	WT901BLE67(C3:46:8C:7D:9E:3D)	0.000	0.000	0.000	0.305	-0.122	0.122	87.52	-7.68	176.95	5.825	-51.292	191.150	-0.02728	0.06650	0.68854	0.72156	23.4	10080.1.13	60
2024-12-23 9:48:54:263	WT901BLE67(C3:46:8C:7D:9E:3D)	0.000	0.000	0.000	0.305	-0.122	0.122	87.47	-7.23	176.81	6.650	-51.600	186.400	-0.02728	0.06650	0.68854	0.72156	23.4	10080.1.13	60
2024-12-23 9:48:54:399	WT901BLE67(C3:46:8C:7D:9E:3D)	0.000	0.000	0.000	0.305	-0.122	0.122	87.37	-5.54	176.61	6.650	-51.600	186.400	-0.02728	0.06650	0.68854	0.72156	23.4	10080.1.13	60
2024-12-23 9:48:54:461	WT901BLE67(C3:46:8C:7D:9E:3D)	0.000	0.000	0.000	0.305	-0.122	0.122	87.19	-2.64	176.35	6.650	-51.600	186.400	-0.02728	0.06650	0.68854	0.72156	23.4	10080.1.13	60
2024-12-23 9:48:54:616	WT901BLE67(C3:46:8C:7D:9E:3D)	0.000	0.000	0.000	0.305	-0.122	0.122	87.08	0.23	176.04	6.650	-51.600	186.400	0.02911	0.02026	0.68851	0.72430	23.4	10080.1.13	60
2024-12-23 9:48:54:675	WT901BLE67(C3:46:8C:7D:9E:3D)	0.000	0.000	0.000	0.305	-0.122	0.122	87.00	1.77	175.79	6.650	-51.600	186.400	0.02911	0.02026	0.68851	0.72430	23.4	10080.1.13	60
2024-12-23 9:48:54:788	WT901BLE67(C3:46:8C:7D:9E:3D)	0.000	0.000	0.000	0.305	-0.122	0.122	86.63	3.39	175.66	10.242	-51.525	170.517	0.02911	0.02026	0.68851	0.72430	23.4	10080.1.13	60
2024-12-23 9:48:54:884	WT901BLE67(C3:46:8C:7D:9E:3D)	0.000	0.000	0.000	0.305	-0.122	0.122	86.28	6.10	176.11	10.242	-51.525	170.517	0.02911	0.02026	0.68851	0.72430	23.4	10080.1.13	60
2024-12-23 9:48:55:1	WT901BLE67(C3:46:8C:7D:9E:3D)	0.000	0.000	0.000	0.305	-0.122	0.122	86.06	7.14	176.22	10.242	-51.525	170.517	0.06815	-0.02176	0.68198	0.72778	23.4	10080.1.13	60
2024-12-23 9:48:55:68	WT901BLE67(C3:46:8C:7D:9E:3D)	0.000	0.000	0.000	0.305	-0.122	0.122	86.18	8.12	176.15	10.242	-51.525	170.517	0.06815	-0.02176	0.68198	0.72778	23.4	10080.1.13	60
2024-12-23 9:48:55:214	WT901BLE67(C3:46:8C:7D:9E:3D)	0.000	0.000	0.000	0.305	-0.122	0.122	86.73	8.56	176.06	11.850	-51.983	165.708	0.06815	-0.02176	0.68198	0.72778	23.4	10080.1.13	60
2024-12-23 9:48:55:275	WT901BLE67(C3:46:8C:7D:9E:3D)	0.000	0.000	0.000	0.305	-0.122	0.122	87.64	7.33	176.25	11.850	-51.983	165.708	0.06815	-0.02176	0.68198	0.72778	23.4	10080.1.13	60
2024-12-23 9:48:55:425	WT901BLE67(C3:46:8C:7D:9E:3D)	0.000	0.000	0.000	0.305	-0.122	0.122	87.81	6.20	175.99	11.850	-51.983	165.708	0.06522	-0.01645	0.69339	0.71735	23.4	10080.1.13	60
