time	DeviceName	AccX(g)	AccY(g)	AccZ(g)	AsX(°/s)	AsY(°/s)	AsZ(°/s)	AngleX(°)	AngleY(°)	AngleZ(°)	HX(uT)	HY(uT)	HZ(uT)	Q0()	Q1()	Q2()	Q3()	Temperature(°C)	Version()	Battery level(%)
2024-12-23 9:46:20:311	WT901BLE67(C3:46:8C:7D:9E:3D)	0.000	0.000	0.000	0.305	-0.122	0.122	87.60	0.44	177.20	8.483	-48.850	172.533	0.02029	0.01410	0.69202	0.72137	26.4	10080.1.13	60
2024-12-23 9:46:20:378	WT901BLE67(C3:46:8C:7D:9E:3D)	0.000	0.000	0.000	0.305	-0.122	0.122	87.60	0.44	177.20	8.483	-48.850	172.533	0.02029	0.01410	0.69202	0.72137	26.4	10080.1.13	60
2024-12-23 9:46:20:489	WT901BLE67(C3:46:8C:7D:9E:3D)	0.000	0.000	0.000	0.305	-0.122	0.122	87.60	0.44	177.20	8.483	-48.850	172.533	0.02026	0.01410	0.69202	0.72137	26.4	10080.1.13	60
2024-12-23 9:46:20:579	WT901BLE67(C3:46:8C:7D:9E:3D)	0.000	0.000	0.000	0.305	-0.122	0.122	87.60	0.44	177.20	8.483	-48.850	172.533	0.02026	0.01410	0.69202	0.72137	26.4	10080.1.13	60
2024-12-23 9:46:20:691	WT901BLE67(C3:46:8C:7D:9E:3D)	0.000	0.000	0.000	0.305	-0.122	0.122	87.60	0.44	177.20	8.433	-47.933	172.450	0.02026	0.01410	0.69202	0.72137	26.4	10080.1.13	60
2024-12-23 9:46:20:783	WT901BLE67(C3:46:8C:7D:9E:3D)	0.000	0.000	0.000	0.305	-0.122	0.122	87.60	0.44	177.20	8.433	-47.933	172.450	0.02026	0.01410	0.69202	0.72137	26.4	10080.1.13	60
2024-12-23 9:46:20:895	WT901BLE67(C3:46:8C:7D:9E:3D)	0.000	0.000	0.000	0.305	-0.122	0.122	87.60	0.44	177.20	8.433	-47.933	172.450	0.02026	0.01407	0.69202	0.72137	26.4	10080.1.13	60
2024-12-23 9:46:20:986	WT901BLE67(C3:46:8C:7D:9E:3D)	0.000	0.000	0.000	0.305	-0.122	0.122	87.60	0.44	177.20	8.433	-47.933	172.450	0.02026	0.01407	0.69202	0.72137	26.4	10080.1.13	60
2024-12-23 9:46:21:98	WT901BLE67(C3:46:8C:7D:9E:3D)	0.000	0.000	0.000	0.305	-0.122	0.122	87.60	0.44	177.20	8.850	-47.708	172.050	0.02026	0.01407	0.69202	0.72137	26.4	10080.1.13	60
2024-12-23 9:46:21:164	WT901BLE67(C3:46:8C:7D:9E:3D)	0.000	0.000	0.000	0.305	-0.122	0.122	87.60	0.39	177.20	8.850	-47.708	172.050	0.02026	0.01407	0.69202	0.72137	26.4	10080.1.13	60
2024-12-23 9:46:21:322	WT901BLE67(C3:46:8C:7D:9E:3D)	0.000	0.000	0.000	0.305	-0.122	0.122	87.60	0.35	177.20	8.850	-47.708	172.050	0.01987	0.01447	0.69199	0.72144	26.4	10080.1.13	60
2024-12-23 9:46:21:366	WT901BLE67(C3:46:8C:7D:9E:3D)	0.000	0.000	0.000	0.305	-0.122	0.122	87.60	0.38	177.21	8.850	-47.708	172.050	0.01987	0.01447	0.69199	0.72144	26.4	10080.1.13	60
2024-12-23 9:46:21:501	WT901BLE67(C3:46:8C:7D:9E:3D)	0.000	0.000	0.000	0.305	-0.122	0.122	87.58	0.18	177.22	8.850	-47.708	172.050	0.01987	0.01447	0.69199	0.72144	26.4	10080.1.13	60
2024-12-23 9:46:21:573	WT901BLE67(C3:46:8C:7D:9E:3D)	0.000	0.000	0.000	0.305	-0.122	0.122	87.53	-0.21	177.26	8.542	-48.667	172.183	0.01987	0.01447	0.69199	0.72144	26.4	10080.1.13	60
2024-12-23 9:46:21:704	WT901BLE67(C3:46:8C:7D:9E:3D)	0.000	0.000	0.000	0.305	-0.122	0.122	87.49	-0.62	177.29	8.542	-48.667	172.183	0.01987	0.01447	0.69199	0.72144	26.4	10080.1.13	60
2024-12-23 9:46:21:771	WT901BLE67(C3:46:8C:7D:9E:3D)	0.000	0.000	0.000	0.305	-0.122	0.122	87.51	-0.72	177.28	8.542	-48.667	172.183	0.01376	0.02020	0.69138	0.72202	26.4	10080.1.13	60
2024-12-23 9:46:21:906	WT901BLE67(C3:46:8C:7D:9E:3D)	0.000	0.000	0.000	0.305	-0.122	0.122	87.57	0.10	177.21	8.542	-48.667	172.183	0.01376	0.02020	0.69138	0.72202	26.4	10080.1.13	60
2024-12-23 9:46:22:4	WT901BLE67(C3:46:8C:7D:9E:3D)	0.000	0.000	0.000	0.305	-0.122	0.122	87.61	1.29	177.18	8.775	-48.508	172.383	0.01376	0.02020	0.69138	0.72202	26.4	10080.1.13	60
2024-12-23 9:46:22:108	WT901BLE67(C3:46:8C:7D:9E:3D)	0.000	0.000	0.000	0.305	-0.122	0.122	87.63	1.66	177.17	8.775	-48.508	172.383	0.02481	0.00955	0.69217	0.72116	26.4	10080.1.13	60
2024-12-23 9:46:22:175	WT901BLE67(C3:46:8C:7D:9E:3D)	0.000	0.000	0.000	0.305	-0.122	0.122	87.62	0.83	177.19	8.775	-48.508	172.383	0.02481	0.00955	0.69217	0.72116	26.4	10080.1.13	60
2024-12-23 9:46:22:334	WT901BLE67(C3:46:8C:7D:9E:3D)	0.000	0.000	0.000	0.305	-0.122	0.122	87.60	-0.13	177.21	8.417	-48.400	172.967	0.02481	0.00955	0.69217	0.72116	26.4	10080.1.13	60
2024-12-23 9:46:22:379	WT901BLE67(C3:46:8C:7D:9E:3D)	0.000	0.000	0.000	0.305	-0.122	0.122	87.60	0.05	177.21	8.417	-48.400	172.967	0.02481	0.00955	0.69217	0.72116	26.4	10080.1.13	60
2024-12-23 9:46:22:514	WT901BLE67(C3:46:8C:7D:9E:3D)	0.000	0.000	0.000	0.305	-0.122	0.122	87.62	0.87	177.19	8.417	-48.400	172.967	0.02481	0.00955	0.69217	0.72116	26.4	10080.1.13	60
2024-12-23 9:46:22:580	WT901BLE67(C3:46:8C:7D:9E:3D)	0.000	0.000	0.000	0.305	-0.122	0.122	87.63	1.46	177.17	8.417	-48.400	172.967	0.02692	0.00751	0.69232	0.72098	26.4	10080.1.13	60
2024-12-23 9:46:22:716	WT901BLE67(C3:46:8C:7D:9E:3D)	0.000	0.000	0.000	0.305	-0.122	0.122	87.64	1.30	177.18	8.417	-48.400	172.967	0.02692	0.00751	0.69232	0.72098	26.4	10080.1.13	60
2024-12-23 9:46:22:784	WT901BLE67(C3:46:8C:7D:9E:3D)	0.000	0.000	0.000	0.305	-0.122	0.122	87.63	0.58	177.19	8.775	-48.233	172.900	0.02692	0.00751	0.69232	0.72098	26.4	10080.1.13	60
2024-12-23 9:46:22:900	WT901BLE67(C3:46:8C:7D:9E:3D)	0.000	0.000	0.000	0.305	-0.122	0.122	87.62	0.15	177.20	8.775	-48.233	172.900	0.02692	0.00751	0.69232	0.72098	26.4	10080.1.13	60
2024-12-23 9:46:23:10	WT901BLE67(C3:46:8C:7D:9E:3D)	0.000	0.000	0.000	0.305	-0.122	0.122	87.62	0.33	177.20	8.775	-48.233	172.900	0.01965	0.01465	0.69211	0.72131	26.4	10080.1.13	60
2024-12-23 9:46:23:121	WT901BLE67(C3:46:8C:7D:9E:3D)	0.000	0.000	0.000	0.305	-0.122	0.122	87.62	0.33	177.21	9.033	-48.383	172.192	0.01965	0.01465	0.69211	0.72131	26.4	10080.1.13	60
2024-12-23 9:46:23:191	WT901BLE67(C3:46:8C:7D:9E:3D)	0.000	0.000	0.000	0.305	-0.122	0.122	87.61	-0.20	177.23	9.033	-48.383	172.192	0.01965	0.01465	0.69211	0.72131	26.4	10080.1.13	60
2024-12-23 9:46:23:305	WT901BLE67(C3:46:8C:7D:9E:3D)	0.000	0.000	0.000	0.305	-0.122	0.122	87.59	-0.33	177.23	9.033	-48.383	172.192	0.01865	0.01559	0.69199	0.72144	26.4	10080.1.13	60
2024-12-23 9:46:23:391	WT901BLE67(C3:46:8C:7D:9E:3D)	0.000	0.000	0.000	0.305	-0.122	0.122	87.61	0.55	177.20	9.033	-48.383	172.192	0.01865	0.01559	0.69199	0.72144	26.4	10080.1.13	60
2024-12-23 9:46:23:504	WT901BLE67(C3:46:8C:7D:9E:3D)	0.000	0.000	0.000	0.305	-0.122	0.122	87.63	1.40	177.18	9.033	-48.383	172.192	0.01865	0.01559	0.69199	0.72144	26.4	10080.1.13	60
2024-12-23 9:46:23:599	WT901BLE67(C3:46:8C:7D:9E:3D)	0.000	0.000	0.000	0.305	-0.122	0.122	87.63	1.36	177.18	8.792	-48.633	171.858	0.01865	0.01559	0.69199	0.72144	26.4	10080.1.13	60
2024-12-23 9:46:23:706	WT901BLE67(C3:46:8C:7D:9E:3D)	0.000	0.000	0.000	0.305	-0.122	0.122	87.62	0.43	177.20	8.792	-48.633	171.858	0.01865	0.01559	0.69199	0.72144	26.4	10080.1.13	60
2024-12-23 9:46:23:797	WT901BLE67(C3:46:8C:7D:9E:3D)	0.000	0.000	0.000	0.305	-0.122	0.122	87.62	-0.10	177.21	8.792	-48.633	171.858	0.01730	0.01703	0.69199	0.72144	26.4	10080.1.13	60
2024-12-23 9:46:23:908	WT901BLE67(C3:46:8C:7D:9E:3D)	0.000	0.000	0.000	0.305	-0.122	0.122	87.61	0.31	177.21	8.792	-48.633	171.858	0.01730	0.01703	0.69199	0.72144	26.4	10080.1.13	60
2024-12-23 9:46:24:24	WT901BLE67(C3:46:8C:7D:9E:3D)	0.000	0.000	0.000	0.305	-0.122	0.122	87.61	0.50	177.21	8.350	-48.825	172.700	0.01730	0.01703	0.69199	0.72144	26.4	10080.1.13	60
2024-12-23 9:46:24:132	WT901BLE67(C3:46:8C:7D:9E:3D)	0.000	0.000	0.000	0.305	-0.122	0.122	87.60	0.04	177.21	8.350	-48.825	172.700	0.01791	0.01636	0.69199	0.72144	26.4	10080.1.13	60
2024-12-23 9:46:24:201	WT901BLE67(C3:46:8C:7D:9E:3D)	0.000	0.000	0.000	0.305	-0.122	0.122	87.61	0.16	177.21	8.350	-48.825	172.700	0.01791	0.01636	0.69199	0.72144	26.4	10080.1.13	60
2024-12-23 9:46:24:313	WT901BLE67(C3:46:8C:7D:9E:3D)	0.000	0.000	0.000	0.305	-0.122	0.122	87.61	0.43	177.21	8.808	-47.950	172.767	0.01791	0.01636	0.69199	0.72144	26.4	10080.1.13	60
2024-12-23 9:46:24:404	WT901BLE67(C3:46:8C:7D:9E:3D)	0.000	0.000	0.000	0.305	-0.122	0.122	87.60	0.05	177.22	8.808	-47.950	172.767	0.01791	0.01636	0.69199	0.72144	26.4	10080.1.13	60
2024-12-23 9:46:24:516	WT901BLE67(C3:46:8C:7D:9E:3D)	0.000	0.000	0.000	0.305	-0.122	0.122	87.59	-0.33	177.24	8.808	-47.950	172.767	0.01791	0.01636	0.69199	0.72144	26.4	10080.1.13	60
2024-12-23 9:46:24:606	WT901BLE67(C3:46:8C:7D:9E:3D)	0.000	0.000	0.000	0.305	-0.122	0.122	87.53	-0.30	177.25	8.808	-47.950	172.767	0.01627	0.01761	0.69156	0.72183	26.4	10080.1.13	60
2024-12-23 9:46:24:719	WT901BLE67(C3:46:8C:7D:9E:3D)	0.000	0.000	0.000	0.305	-0.122	0.122	87.55	-0.12	177.25	8.808	-47.950	172.767	0.01627	0.01761	0.69156	0.72183	26.4	10080.1.13	60
2024-12-23 9:46:24:809	WT901BLE67(C3:46:8C:7D:9E:3D)	0.000	0.000	0.000	0.305	-0.122	0.122	87.57	0.16	177.23	8.575	-48.583	172.817	0.01627	0.01761	0.69156	0.72183	26.4	10080.1.13	60
2024-12-23 9:46:24:922	WT901BLE67(C3:46:8C:7D:9E:3D)	0.000	0.000	0.000	0.305	-0.122	0.122	87.58	-0.06	177.22	8.575	-48.583	172.817	0.01627	0.01761	0.69156	0.72183	26.4	10080.1.13	60
2024-12-23 9:46:25:34	WT901BLE67(C3:46:8C:7D:9E:3D)	0.000	0.000	0.000	0.305	-0.122	0.122	87.60	-0.44	177.22	8.575	-48.583	172.817	0.01633	0.01797	0.69196	0.72147	26.4	10080.1.13	60
2024-12-23 9:46:25:146	WT901BLE67(C3:46:8C:7D:9E:3D)	0.000	0.000	0.000	0.305	-0.122	0.122	87.62	0.21	177.20	8.825	-48.433	172.450	0.01633	0.01797	0.69196	0.72147	26.4	10080.1.13	60
2024-12-23 9:46:25:213	WT901BLE67(C3:46:8C:7D:9E:3D)	0.000	0.000	0.000	0.305	-0.122	0.122	87.63	0.66	177.20	8.825	-48.433	172.450	0.01633	0.01797	0.69196	0.72147	26.4	10080.1.13	60
2024-12-23 9:46:25:326	WT901BLE67(C3:46:8C:7D:9E:3D)	0.000	0.000	0.000	0.305	-0.122	0.122	87.62	-0.08	177.21	8.825	-48.433	172.450	0.01590	0.01837	0.69196	0.72147	26.4	10080.1.13	60
2024-12-23 9:46:25:393	WT901BLE67(C3:46:8C:7D:9E:3D)	0.000	0.000	0.000	0.305	-0.122	0.122	87.62	-0.05	177.21	8.825	-48.433	172.450	0.01590	0.01837	0.69196	0.72147	26.4	10080.1.13	60
2024-12-23 9:46:25:528	WT901BLE67(C3:46:8C:7D:9E:3D)	0.000	0.000	0.000	0.305	-0.122	0.122	87.62	0.48	177.20	8.825	-48.433	172.450	0.01590	0.01837	0.69196	0.72147	26.4	10080.1.13	60
2024-12-23 9:46:25:599	WT901BLE67(C3:46:8C:7D:9E:3D)	0.000	0.000	0.000	0.305	-0.122	0.122	87.59	0.09	177.22	8.442	-48.208	173.175	0.01590	0.01837	0.69196	0.72147	26.4	10080.1.13	60
2024-12-23 9:46:25:732	WT901BLE67(C3:46:8C:7D:9E:3D)	0.000	0.000	0.000	0.305	-0.122	0.122	87.54	-0.26	177.26	8.442	-48.208	173.175	0.01590	0.01837	0.69196	0.72147	26.4	10080.1.13	60
2024-12-23 9:46:25:821	WT901BLE67(C3:46:8C:7D:9E:3D)	0.000	0.000	0.000	0.305	-0.122	0.122	87.58	0.08	177.23	8.442	-48.208	173.175	0.01520	0.01923	0.69305	0.72040	26.4	10080.1.13	60
2024-12-23 9:46:25:934	WT901BLE67(C3:46:8C:7D:9E:3D)	0.000	0.000	0.000	0.305	-0.122	0.122	87.66	0.78	177.22	8.442	-48.208	173.175	0.01520	0.01923	0.69305	0.72040	26.4	10080.1.13	60
2024-12-23 9:46:26:5	WT901BLE67(C3:46:8C:7D:9E:3D)	0.000	0.000	0.000	0.305	-0.122	0.122	87.68	-0.20	177.22	8.125	-48.825	173.058	0.01520	0.01923	0.69305	0.72040	26.4	10080.1.13	60
2024-12-23 9:46:26:159	WT901BLE67(C3:46:8C:7D:9E:3D)	0.000	0.000	0.000	0.305	-0.122	0.122	87.67	-7.01	177.32	8.125	-48.825	173.058	0.01520	0.01923	0.69305	0.72040	26.4	10080.1.13	60
2024-12-23 9:46:26:205	WT901BLE67(C3:46:8C:7D:9E:3D)	0.000	0.000	0.000	0.305	-0.122	0.122	87.23	-10.46	177.44	8.125	-48.825	173.058	-0.00864	0.03680	0.68866	0.72403	26.4	10080.1.13	60
2024-12-23 9:46:26:339	WT901BLE67(C3:46:8C:7D:9E:3D)	0.000	0.000	0.000	0.305	-0.122	0.122	87.30	-2.54	177.53	8.125	-48.825	173.058	-0.00864	0.03680	0.68866	0.72403	26.4	10080.1.13	60
2024-12-23 9:46:26:406	WT901BLE67(C3:46:8C:7D:9E:3D)	0.000	0.000	0.000	0.305	-0.122	0.122	86.94	-1.66	177.31	7.750	-49.175	180.425	-0.00864	0.03680	0.68866	0.72403	26.4	10080.1.13	60
2024-12-23 9:46:26:541	WT901BLE67(C3:46:8C:7D:9E:3D)	0.000	0.000	0.000	0.305	-0.122	0.122	86.52	-0.70	177.13	7.750	-49.175	180.425	-0.00864	0.03680	0.68866	0.72403	26.4	10080.1.13	60
2024-12-23 9:46:26:609	WT901BLE67(C3:46:8C:7D:9E:3D)	0.000	0.000	0.000	0.305	-0.122	0.122	86.02	0.60	177.12	7.750	-49.175	180.425	0.03030	0.00406	0.68073	0.73184	26.4	10080.1.13	60
2024-12-23 9:46:26:743	WT901BLE67(C3:46:8C:7D:9E:3D)	0.000	0.000	0.000	0.305	-0.122	0.122	85.70	3.60	177.12	7.750	-49.175	180.425	0.03030	0.00406	0.68073	0.73184	26.4	10080.1.13	60
2024-12-23 9:46:26:833	WT901BLE67(C3:46:8C:7D:9E:3D)	0.000	0.000	0.000	0.305	-0.122	0.122	85.76	5.37	177.15	10.375	-49.992	184.358	0.03030	0.00406	0.68073	0.73184	26.4	10080.1.13	60
2024-12-23 9:46:26:947	WT901BLE67(C3:46:8C:7D:9E:3D)	0.000	0.000	0.000	0.305	-0.122	0.122	86.11	5.84	177.31	10.375	-49.992	184.358	0.03030	0.00406	0.68073	0.73184	26.4	10080.1.13	60
2024-12-23 9:46:27:15	WT901BLE67(C3:46:8C:7D:9E:3D)	0.000	0.000	0.000	0.305	-0.122	0.122	86.24	5.37	177.51	10.375	-49.992	184.358	0.04306	-0.01505	0.68439	0.72763	26.4	10080.1.13	60
2024-12-23 9:46:27:126	WT901BLE67(C3:46:8C:7D:9E:3D)	0.000	0.000	0.000	0.305	-0.122	0.122	86.59	3.92	177.63	10.375	-49.992	184.358	0.04306	-0.01505	0.68439	0.72763	26.4	10080.1.13	60
2024-12-23 9:46:27:216	WT901BLE67(C3:46:8C:7D:9E:3D)	0.000	0.000	0.000	0.305	-0.122	0.122	86.86	3.54	177.70	9.300	-49.775	190.392	0.04306	-0.01505	0.68439	0.72763	26.4	10080.1.13	60
2024-12-23 9:46:27:330	WT901BLE67(C3:46:8C:7D:9E:3D)	0.000	0.000	0.000	0.305	-0.122	0.122	86.95	4.26	177.62	9.300	-49.775	190.392	0.04306	-0.01505	0.68439	0.72763	26.4	10080.1.13	60
2024-12-23 9:46:27:418	WT901BLE67(C3:46:8C:7D:9E:3D)	0.000	0.000	0.000	0.305	-0.122	0.122	87.17	5.18	177.46	9.300	-49.775	190.392	0.04922	-0.01880	0.68964	0.72217	26.4	10080.1.13	60
2024-12-23 9:46:27:532	WT901BLE67(C3:46:8C:7D:9E:3D)	0.000	0.000	0.000	0.305	-0.122	0.122	87.37	5.43	177.28	9.300	-49.775	190.392	0.04922	-0.01880	0.68964	0.72217	26.4	10080.1.13	60
2024-12-23 9:46:27:621	WT901BLE67(C3:46:8C:7D:9E:3D)	0.000	0.000	0.000	0.305	-0.122	0.122	87.43	3.12	177.24	8.833	-49.833	193.642	0.04922	-0.01880	0.68964	0.72217	26.4	10080.1.13	60
2024-12-23 9:46:27:735	WT901BLE67(C3:46:8C:7D:9E:3D)	0.000	0.000	0.000	0.305	-0.122	0.122	87.45	-1.80	177.42	8.833	-49.833	193.642	0.04922	-0.01880	0.68964	0.72217	26.4	10080.1.13	60
2024-12-23 9:46:27:847	WT901BLE67(C3:46:8C:7D:9E:3D)	0.000	0.000	0.000	0.305	-0.122	0.122	87.59	-1.47	177.60	8.833	-49.833	193.642	0.01718	0.01144	0.69220	0.72134	26.4	10080.1.13	60
2024-12-23 9:46:27:959	WT901BLE67(C3:46:8C:7D:9E:3D)	0.000	0.000	0.000	0.305	-0.122	0.122	87.53	0.16	177.90	8.100	-49.375	190.283	0.01718	0.01144	0.69220	0.72134	26.4	10080.1.13	60
2024-12-23 9:46:28:26	WT901BLE67(C3:46:8C:7D:9E:3D)	0.000	0.000	0.000	0.305	-0.122	0.122	87.26	-0.38	178.26	8.100	-49.375	190.283	0.01718	0.01144	0.69220	0.72134	26.4	10080.1.13	60
2024-12-23 9:46:28:139	WT901BLE67(C3:46:8C:7D:9E:3D)	0.000	0.000	0.000	0.305	-0.122	0.122	87.04	0.00	178.57	8.100	-49.375	190.283	0.01270	0.00302	0.68774	0.72577	26.4	10080.1.13	60
2024-12-23 9:46:28:229	WT901BLE67(C3:46:8C:7D:9E:3D)	0.000	0.000	0.000	0.305	-0.122	0.122	86.86	1.07	178.75	8.100	-49.375	190.283	0.01270	0.00302	0.68774	0.72577	26.4	10080.1.13	60
2024-12-23 9:46:28:343	WT901BLE67(C3:46:8C:7D:9E:3D)	0.000	0.000	0.000	0.305	-0.122	0.122	86.70	1.54	178.86	8.100	-49.375	190.283	0.01270	0.00302	0.68774	0.72577	26.4	10080.1.13	60
2024-12-23 9:46:28:431	WT901BLE67(C3:46:8C:7D:9E:3D)	0.000	0.000	0.000	0.305	-0.122	0.122	86.58	1.35	178.95	9.217	-49.208	183.958	0.01270	0.00302	0.68774	0.72577	26.4	10080.1.13	60
2024-12-23 9:46:28:543	WT901BLE67(C3:46:8C:7D:9E:3D)	0.000	0.000	0.000	0.305	-0.122	0.122	86.47	0.77	178.99	9.217	-49.208	183.958	0.01270	0.00302	0.68774	0.72577	26.4	10080.1.13	60
2024-12-23 9:46:28:634	WT901BLE67(C3:46:8C:7D:9E:3D)	0.000	0.000	0.000	0.305	-0.122	0.122	86.52	0.21	179.00	9.217	-49.208	183.958	0.00742	0.00510	0.68594	0.72754	26.4	10080.1.13	60
2024-12-23 9:46:28:746	WT901BLE67(C3:46:8C:7D:9E:3D)	0.000	0.000	0.000	0.305	-0.122	0.122	86.81	0.19	178.93	9.217	-49.208	183.958	0.00742	0.00510	0.68594	0.72754	26.4	10080.1.13	60
2024-12-23 9:46:28:859	WT901BLE67(C3:46:8C:7D:9E:3D)	0.000	0.000	0.000	0.305	-0.122	0.122	87.06	0.88	178.83	8.558	-49.567	186.175	0.00742	0.00510	0.68594	0.72754	26.4	10080.1.13	60
2024-12-23 9:46:28:972	WT901BLE67(C3:46:8C:7D:9E:3D)	0.000	0.000	0.000	0.305	-0.122	0.122	86.98	2.43	178.79	8.558	-49.567	186.175	0.03217	-0.01883	0.68707	0.72556	26.4	10080.1.13	60
2024-12-23 9:46:29:39	WT901BLE67(C3:46:8C:7D:9E:3D)	0.000	0.000	0.000	0.305	-0.122	0.122	86.80	4.64	178.81	8.558	-49.567	186.175	0.03217	-0.01883	0.68707	0.72556	26.4	10080.1.13	60
2024-12-23 9:46:29:151	WT901BLE67(C3:46:8C:7D:9E:3D)	0.000	0.000	0.000	0.305	-0.122	0.122	86.71	8.08	178.82	11.317	-49.350	190.500	0.03217	-0.01883	0.68707	0.72556	26.4	10080.1.13	60
2024-12-23 9:46:29:243	WT901BLE67(C3:46:8C:7D:9E:3D)	0.000	0.000	0.000	0.305	-0.122	0.122	86.69	13.79	178.76	11.317	-49.350	190.500	0.03217	-0.01883	0.68707	0.72556	26.4	10080.1.13	60
2024-12-23 9:46:29:354	WT901BLE67(C3:46:8C:7D:9E:3D)	0.000	0.000	0.000	0.305	-0.122	0.122	86.54	16.69	178.67	11.317	-49.350	190.500	0.03217	-0.01883	0.68707	0.72556	26.4	10080.1.13	60
2024-12-23 9:46:29:423	WT901BLE67(C3:46:8C:7D:9E:3D)	0.000	0.000	0.000	0.305	-0.122	0.122	86.29	16.29	178.65	11.317	-49.350	190.500	0.09866	-0.08856	0.67795	0.72296	26.4	10080.1.13	60
2024-12-23 9:46:29:556	WT901BLE67(C3:46:8C:7D:9E:3D)	0.000	0.000	0.000	0.305	-0.122	0.122	86.02	13.78	178.72	11.317	-49.350	190.500	0.09866	-0.08856	0.67795	0.72296	26.4	10080.1.13	60
2024-12-23 9:46:29:646	WT901BLE67(C3:46:8C:7D:9E:3D)	0.000	0.000	0.000	0.305	-0.122	0.122	85.59	12.79	178.68	11.842	-49.258	194.217	0.09866	-0.08856	0.67795	0.72296	26.4	10080.1.13	60
2024-12-23 9:46:29:759	WT901BLE67(C3:46:8C:7D:9E:3D)	0.000	0.000	0.000	0.305	-0.122	0.122	85.32	13.19	178.68	11.842	-49.258	194.217	0.09866	-0.08856	0.67795	0.72296	26.4	10080.1.13	60
2024-12-23 9:46:29:826	WT901BLE67(C3:46:8C:7D:9E:3D)	0.000	0.000	0.000	0.305	-0.122	0.122	85.18	11.82	178.92	11.842	-49.258	194.217	0.06339	-0.05786	0.67468	0.73303	26.4	10080.1.13	60
2024-12-23 9:46:29:985	WT901BLE67(C3:46:8C:7D:9E:3D)	0.000	0.000	0.000	0.305	-0.122	0.122	85.30	5.47	179.58	11.842	-49.258	194.217	0.06339	-0.05786	0.67468	0.73303	26.4	10080.1.13	60
2024-12-23 9:46:30:30	WT901BLE67(C3:46:8C:7D:9E:3D)	0.000	0.000	0.000	0.305	-0.122	0.122	85.78	2.88	179.99	10.158	-49.725	181.500	0.06339	-0.05786	0.67468	0.73303	26.4	10080.1.13	60
2024-12-23 9:46:30:165	WT901BLE67(C3:46:8C:7D:9E:3D)	0.000	0.000	0.000	0.305	-0.122	0.122	86.33	5.43	179.95	10.158	-49.725	181.500	0.06339	-0.05786	0.67468	0.73303	26.4	10080.1.13	60
2024-12-23 9:46:30:231	WT901BLE67(C3:46:8C:7D:9E:3D)	0.000	0.000	0.000	0.305	-0.122	0.122	86.54	7.86	179.80	10.158	-49.725	181.500	0.04642	-0.04611	0.68405	0.72641	26.4	10080.1.13	60
2024-12-23 9:46:30:368	WT901BLE67(C3:46:8C:7D:9E:3D)	0.000	0.000	0.000	0.305	-0.122	0.122	86.51	7.04	179.64	10.158	-49.725	181.500	0.04642	-0.04611	0.68405	0.72641	26.4	10080.1.13	60
2024-12-23 9:46:30:434	WT901BLE67(C3:46:8C:7D:9E:3D)	0.000	0.000	0.000	0.305	-0.122	0.122	86.52	6.34	179.38	9.183	-49.867	202.008	0.04642	-0.04611	0.68405	0.72641	26.4	10080.1.13	60
2024-12-23 9:46:30:569	WT901BLE67(C3:46:8C:7D:9E:3D)	0.000	0.000	0.000	0.305	-0.122	0.122	86.78	7.81	178.99	9.183	-49.867	202.008	0.04642	-0.04611	0.68405	0.72641	26.4	10080.1.13	60
2024-12-23 9:46:30:659	WT901BLE67(C3:46:8C:7D:9E:3D)	0.000	0.000	0.000	0.305	-0.122	0.122	87.14	10.31	178.66	9.183	-49.867	202.008	0.07184	-0.05746	0.68823	0.71954	26.4	10080.1.13	60
2024-12-23 9:46:30:771	WT901BLE67(C3:46:8C:7D:9E:3D)	0.000	0.000	0.000	0.305	-0.122	0.122	87.49	9.64	178.59	9.183	-49.867	202.008	0.07184	-0.05746	0.68823	0.71954	26.4	10080.1.13	60
2024-12-23 9:46:30:840	WT901BLE67(C3:46:8C:7D:9E:3D)	0.000	0.000	0.000	0.305	-0.122	0.122	87.76	6.41	178.64	10.392	-49.708	194.692	0.07184	-0.05746	0.68823	0.71954	26.4	10080.1.13	60
2024-12-23 9:46:31:3	WT901BLE67(C3:46:8C:7D:9E:3D)	0.000	0.000	0.000	0.305	-0.122	0.122	87.69	0.66	178.70	10.392	-49.708	194.692	0.07184	-0.05746	0.68823	0.71954	26.4	10080.1.13	60
2024-12-23 9:46:31:42	WT901BLE67(C3:46:8C:7D:9E:3D)	0.000	0.000	0.000	0.305	-0.122	0.122	87.79	-4.54	178.81	10.392	-49.708	194.692	-0.02771	0.04425	0.69229	0.71967	26.4	10080.1.13	60
2024-12-23 9:46:31:177	WT901BLE67(C3:46:8C:7D:9E:3D)	0.000	0.000	0.000	0.305	-0.122	0.122	87.89	-5.55	178.74	10.392	-49.708	194.692	-0.02771	0.04425	0.69229	0.71967	26.4	10080.1.13	60
2024-12-23 9:46:31:244	WT901BLE67(C3:46:8C:7D:9E:3D)	0.000	0.000	0.000	0.305	-0.122	0.122	87.98	-4.24	178.53	7.133	-48.725	198.833	-0.02771	0.04425	0.69229	0.71967	26.4	10080.1.13	60
2024-12-23 9:46:31:357	WT901BLE67(C3:46:8C:7D:9E:3D)	0.000	0.000	0.000	0.305	-0.122	0.122	87.99	-4.07	178.31	7.133	-48.725	198.833	-0.02771	0.04425	0.69229	0.71967	26.4	10080.1.13	60
2024-12-23 9:46:31:446	WT901BLE67(C3:46:8C:7D:9E:3D)	0.000	0.000	0.000	0.305	-0.122	0.122	88.12	-1.78	178.04	7.133	-48.725	198.833	0.00854	0.01685	0.69574	0.71799	26.4	10080.1.13	60
2024-12-23 9:46:31:558	WT901BLE67(C3:46:8C:7D:9E:3D)	0.000	0.000	0.000	0.305	-0.122	0.122	88.23	1.62	177.81	7.133	-48.725	198.833	0.00854	0.01685	0.69574	0.71799	26.4	10080.1.13	60
2024-12-23 9:46:31:672	WT901BLE67(C3:46:8C:7D:9E:3D)	0.000	0.000	0.000	0.305	-0.122	0.122	87.96	1.02	177.70	7.975	-49.117	200.358	0.00854	0.01685	0.69574	0.71799	26.4	10080.1.13	60
2024-12-23 9:46:31:783	WT901BLE67(C3:46:8C:7D:9E:3D)	0.000	0.000	0.000	0.305	-0.122	0.122	87.52	-3.54	177.81	7.975	-49.117	200.358	0.00854	0.01685	0.69574	0.71799	26.4	10080.1.13	60
2024-12-23 9:46:31:852	WT901BLE67(C3:46:8C:7D:9E:3D)	0.000	0.000	0.000	0.305	-0.122	0.122	86.92	-7.67	178.10	7.975	-49.117	200.358	-0.04932	0.07382	0.68243	0.72546	26.4	10080.1.13	60
2024-12-23 9:46:31:964	WT901BLE67(C3:46:8C:7D:9E:3D)	0.000	0.000	0.000	0.305	-0.122	0.122	86.45	-12.95	178.51	7.975	-49.117	200.358	-0.04932	0.07382	0.68243	0.72546	26.4	10080.1.13	60
2024-12-23 9:46:32:57	WT901BLE67(C3:46:8C:7D:9E:3D)	0.000	0.000	0.000	0.305	-0.122	0.122	86.26	-17.60	178.87	5.008	-48.433	185.508	-0.04932	0.07382	0.68243	0.72546	26.4	10080.1.13	60
2024-12-23 9:46:32:165	WT901BLE67(C3:46:8C:7D:9E:3D)	0.000	0.000	0.000	0.305	-0.122	0.122	86.23	-16.35	178.95	5.008	-48.433	185.508	-0.04932	0.07382	0.68243	0.72546	26.4	10080.1.13	60
2024-12-23 9:46:32:256	WT901BLE67(C3:46:8C:7D:9E:3D)	0.000	0.000	0.000	0.305	-0.122	0.122	86.28	-15.27	178.97	5.008	-48.433	185.508	-0.08417	0.10220	0.67679	0.72409	26.4	10080.1.13	60
2024-12-23 9:46:32:368	WT901BLE67(C3:46:8C:7D:9E:3D)	0.000	0.000	0.000	0.305	-0.122	0.122	86.29	-15.12	179.06	5.008	-48.433	185.508	-0.08417	0.10220	0.67679	0.72409	26.4	10080.1.13	60
2024-12-23 9:46:32:457	WT901BLE67(C3:46:8C:7D:9E:3D)	0.000	0.000	0.000	0.305	-0.122	0.122	86.73	-12.62	178.95	3.300	-48.667	204.533	-0.08417	0.10220	0.67679	0.72409	26.4	10080.1.13	60
2024-12-23 9:46:32:570	WT901BLE67(C3:46:8C:7D:9E:3D)	0.000	0.000	0.000	0.305	-0.122	0.122	86.62	-7.97	178.96	3.300	-48.667	204.533	-0.08417	0.10220	0.67679	0.72409	26.4	10080.1.13	60
2024-12-23 9:46:32:684	WT901BLE67(C3:46:8C:7D:9E:3D)	0.000	0.000	0.000	0.305	-0.122	0.122	86.80	-6.96	178.97	3.300	-48.667	204.533	-0.04187	0.05646	0.68515	0.72495	26.4	10080.1.13	60
2024-12-23 9:46:32:797	WT901BLE67(C3:46:8C:7D:9E:3D)	0.000	0.000	0.000	0.305	-0.122	0.122	86.90	-10.21	179.12	3.300	-48.667	204.533	-0.04187	0.05646	0.68515	0.72495	26.4	10080.1.13	60
2024-12-23 9:46:32:864	WT901BLE67(C3:46:8C:7D:9E:3D)	0.000	0.000	0.000	0.305	-0.122	0.122	86.81	-17.22	179.42	3.167	-48.167	192.825	-0.04187	0.05646	0.68515	0.72495	26.4	10080.1.13	60
2024-12-23 9:46:32:977	WT901BLE67(C3:46:8C:7D:9E:3D)	0.000	0.000	0.000	0.305	-0.122	0.122	86.70	-25.49	179.81	3.167	-48.167	192.825	-0.04187	0.05646	0.68515	0.72495	26.4	10080.1.13	60
2024-12-23 9:46:33:65	WT901BLE67(C3:46:8C:7D:9E:3D)	0.000	0.000	0.000	0.305	-0.122	0.122	86.67	-27.15	179.93	3.167	-48.167	192.825	-0.15717	0.16772	0.66727	0.70837	26.4	10080.1.13	60
2024-12-23 9:46:33:180	WT901BLE67(C3:46:8C:7D:9E:3D)	0.000	0.000	0.000	0.305	-0.122	0.122	86.42	-27.27	-179.99	3.167	-48.167	192.825	-0.15717	0.16772	0.66727	0.70837	26.4	10080.1.13	60
2024-12-23 9:46:33:268	WT901BLE67(C3:46:8C:7D:9E:3D)	0.000	0.000	0.000	0.305	-0.122	0.122	86.19	-27.40	-179.97	-0.142	-47.708	206.825	-0.15717	0.16772	0.66727	0.70837	26.4	10080.1.13	60
2024-12-23 9:46:33:380	WT901BLE67(C3:46:8C:7D:9E:3D)	0.000	0.000	0.000	0.305	-0.122	0.122	86.21	-26.14	179.82	-0.142	-47.708	206.825	-0.15717	0.16772	0.66727	0.70837	26.4	10080.1.13	60
2024-12-23 9:46:33:470	WT901BLE67(C3:46:8C:7D:9E:3D)	0.000	0.000	0.000	0.305	-0.122	0.122	86.57	-21.84	179.50	-0.142	-47.708	206.825	-0.11642	0.13086	0.67517	0.71649	26.4	10080.1.13	60
2024-12-23 9:46:33:587	WT901BLE67(C3:46:8C:7D:9E:3D)	0.000	0.000	0.000	0.305	-0.122	0.122	86.80	-19.72	179.40	-0.142	-47.708	206.825	-0.11642	0.13086	0.67517	0.71649	26.4	10080.1.13	60
2024-12-23 9:46:33:651	WT901BLE67(C3:46:8C:7D:9E:3D)	0.000	0.000	0.000	0.305	-0.122	0.122	86.96	-21.46	179.53	1.692	-47.842	202.575	-0.11642	0.13086	0.67517	0.71649	26.4	10080.1.13	60
2024-12-23 9:46:33:809	WT901BLE67(C3:46:8C:7D:9E:3D)	0.000	0.000	0.000	0.305	-0.122	0.122	87.01	-24.77	179.71	1.692	-47.842	202.575	-0.11642	0.13086	0.67517	0.71649	26.4	10080.1.13	60
2024-12-23 9:46:33:854	WT901BLE67(C3:46:8C:7D:9E:3D)	0.000	0.000	0.000	0.305	-0.122	0.122	87.05	-29.26	179.91	1.692	-47.842	202.575	-0.17773	0.18707	0.66623	0.69962	26.4	10080.1.13	60
2024-12-23 9:46:33:987	WT901BLE67(C3:46:8C:7D:9E:3D)	0.000	0.000	0.000	0.305	-0.122	0.122	87.34	-30.77	179.90	1.692	-47.842	202.575	-0.17773	0.18707	0.66623	0.69962	26.4	10080.1.13	60
2024-12-23 9:46:34:56	WT901BLE67(C3:46:8C:7D:9E:3D)	0.000	0.000	0.000	0.305	-0.122	0.122	87.54	-30.21	179.82	-0.742	-48.808	206.783	-0.17773	0.18707	0.66623	0.69962	26.4	10080.1.13	60
2024-12-23 9:46:34:192	WT901BLE67(C3:46:8C:7D:9E:3D)	0.000	0.000	0.000	0.305	-0.122	0.122	87.41	-28.45	179.79	-0.742	-48.808	206.783	-0.17773	0.18707	0.66623	0.69962	26.4	10080.1.13	60
2024-12-23 9:46:34:259	WT901BLE67(C3:46:8C:7D:9E:3D)	0.000	0.000	0.000	0.305	-0.122	0.122	87.25	-27.27	179.76	-0.742	-48.808	206.783	-0.15579	0.16763	0.67117	0.70499	26.4	10080.1.13	60
2024-12-23 9:46:34:393	WT901BLE67(C3:46:8C:7D:9E:3D)	0.000	0.000	0.000	0.305	-0.122	0.122	87.39	-24.75	179.47	-0.742	-48.808	206.783	-0.15579	0.16763	0.67117	0.70499	26.4	10080.1.13	60
2024-12-23 9:46:34:485	WT901BLE67(C3:46:8C:7D:9E:3D)	0.000	0.000	0.000	0.305	-0.122	0.122	87.54	-20.79	179.31	0.717	-49.317	214.442	-0.15579	0.16763	0.67117	0.70499	26.4	10080.1.13	60
2024-12-23 9:46:34:601	WT901BLE67(C3:46:8C:7D:9E:3D)	0.000	0.000	0.000	0.305	-0.122	0.122	87.44	-21.02	179.42	0.717	-49.317	214.442	-0.15579	0.16763	0.67117	0.70499	26.4	10080.1.13	60
2024-12-23 9:46:34:665	WT901BLE67(C3:46:8C:7D:9E:3D)	0.000	0.000	0.000	0.305	-0.122	0.122	87.14	-23.07	179.68	0.717	-49.317	214.442	-0.14642	0.15637	0.67160	0.70920	26.4	10080.1.13	60
2024-12-23 9:46:34:821	WT901BLE67(C3:46:8C:7D:9E:3D)	0.000	0.000	0.000	0.305	-0.122	0.122	86.63	-27.77	-179.91	0.717	-49.317	214.442	-0.14642	0.15637	0.67160	0.70920	26.4	10080.1.13	60
2024-12-23 9:46:34:867	WT901BLE67(C3:46:8C:7D:9E:3D)	0.000	0.000	0.000	0.305	-0.122	0.122	86.38	-31.92	-179.59	-0.400	-47.633	200.483	-0.14642	0.15637	0.67160	0.70920	26.4	10080.1.13	60
2024-12-23 9:46:35:6	WT901BLE67(C3:46:8C:7D:9E:3D)	0.000	0.000	0.000	0.305	-0.122	0.122	86.36	-32.16	-179.51	-0.400	-47.633	200.483	-0.14642	0.15637	0.67160	0.70920	26.4	10080.1.13	60
2024-12-23 9:46:35:69	WT901BLE67(C3:46:8C:7D:9E:3D)	0.000	0.000	0.000	0.305	-0.122	0.122	86.41	-31.45	-179.64	-0.400	-47.633	200.483	-0.18655	0.19467	0.65967	0.70145	26.4	10080.1.13	60
2024-12-23 9:46:35:204	WT901BLE67(C3:46:8C:7D:9E:3D)	0.000	0.000	0.000	0.305	-0.122	0.122	86.41	-31.08	-179.73	-0.400	-47.633	200.483	-0.18655	0.19467	0.65967	0.70145	26.4	10080.1.13	60
2024-12-23 9:46:35:271	WT901BLE67(C3:46:8C:7D:9E:3D)	0.000	0.000	0.000	0.305	-0.122	0.122	86.78	-28.74	179.91	-1.492	-48.442	219.217	-0.18655	0.19467	0.65967	0.70145	26.4	10080.1.13	60
2024-12-23 9:46:35:405	WT901BLE67(C3:46:8C:7D:9E:3D)	0.000	0.000	0.000	0.305	-0.122	0.122	87.24	-26.00	179.47	-1.492	-48.442	219.217	-0.18655	0.19467	0.65967	0.70145	26.4	10080.1.13	60
2024-12-23 9:46:35:498	WT901BLE67(C3:46:8C:7D:9E:3D)	0.000	0.000	0.000	0.305	-0.122	0.122	87.43	-25.13	179.29	-1.492	-48.442	219.217	-0.14951	0.16498	0.67273	0.70554	26.4	10080.1.13	60
2024-12-23 9:46:35:622	WT901BLE67(C3:46:8C:7D:9E:3D)	0.000	0.000	0.000	0.305	-0.122	0.122	87.37	-26.74	179.35	-1.492	-48.442	219.217	-0.14951	0.16498	0.67273	0.70554	26.4	10080.1.13	60
2024-12-23 9:46:35:677	WT901BLE67(C3:46:8C:7D:9E:3D)	0.000	0.000	0.000	0.305	-0.122	0.122	87.05	-29.16	179.58	-0.167	-48.692	203.117	-0.14951	0.16498	0.67273	0.70554	26.4	10080.1.13	60
2024-12-23 9:46:35:795	WT901BLE67(C3:46:8C:7D:9E:3D)	0.000	0.000	0.000	0.305	-0.122	0.122	86.52	-35.93	-179.96	-0.167	-48.692	203.117	-0.14951	0.16498	0.67273	0.70554	26.4	10080.1.13	60
2024-12-23 9:46:35:879	WT901BLE67(C3:46:8C:7D:9E:3D)	0.000	0.000	0.000	0.305	-0.122	0.122	86.24	-38.72	-179.77	-0.167	-48.692	203.117	-0.22717	0.24014	0.64569	0.68823	26.4	10080.1.13	60
2024-12-23 9:46:35:997	WT901BLE67(C3:46:8C:7D:9E:3D)	0.000	0.000	0.000	0.305	-0.122	0.122	86.31	-36.41	179.97	-0.167	-48.692	203.117	-0.22717	0.24014	0.64569	0.68823	26.4	10080.1.13	60
2024-12-23 9:46:36:83	WT901BLE67(C3:46:8C:7D:9E:3D)	0.000	0.000	0.000	0.305	-0.122	0.122	86.23	-33.43	179.76	-2.008	-48.208	208.592	-0.22717	0.24014	0.64569	0.68823	26.4	10080.1.13	60
2024-12-23 9:46:36:195	WT901BLE67(C3:46:8C:7D:9E:3D)	0.000	0.000	0.000	0.305	-0.122	0.122	85.99	-30.98	179.73	-2.008	-48.208	208.592	-0.22717	0.24014	0.64569	0.68823	26.4	10080.1.13	60
2024-12-23 9:46:36:299	WT901BLE67(C3:46:8C:7D:9E:3D)	0.000	0.000	0.000	0.305	-0.122	0.122	85.84	-28.38	179.68	-2.008	-48.208	208.592	-0.15924	0.17572	0.66122	0.71164	26.4	10080.1.13	60
2024-12-23 9:46:36:395	WT901BLE67(C3:46:8C:7D:9E:3D)	0.000	0.000	0.000	0.305	-0.122	0.122	85.87	-26.64	179.66	-2.008	-48.208	208.592	-0.15924	0.17572	0.66122	0.71164	26.4	10080.1.13	60
2024-12-23 9:46:36:508	WT901BLE67(C3:46:8C:7D:9E:3D)	0.000	0.000	0.000	0.305	-0.122	0.122	85.73	-27.92	179.99	-1.450	-49.333	213.083	-0.15924	0.17572	0.66122	0.71164	26.4	10080.1.13	60
2024-12-23 9:46:36:621	WT901BLE67(C3:46:8C:7D:9E:3D)	0.000	0.000	0.000	0.305	-0.122	0.122	85.66	-30.82	-179.71	-1.450	-49.333	213.083	-0.15924	0.17572	0.66122	0.71164	26.4	10080.1.13	60
2024-12-23 9:46:36:688	WT901BLE67(C3:46:8C:7D:9E:3D)	0.000	0.000	0.000	0.305	-0.122	0.122	85.60	-33.51	-179.45	-1.450	-49.333	213.083	-0.22202	0.23050	0.64487	0.69400	26.4	10080.1.13	60
2024-12-23 9:46:36:800	WT901BLE67(C3:46:8C:7D:9E:3D)	0.000	0.000	0.000	0.305	-0.122	0.122	85.48	-39.65	-179.02	-1.450	-49.333	213.083	-0.22202	0.23050	0.64487	0.69400	26.4	10080.1.13	60
2024-12-23 9:46:36:894	WT901BLE67(C3:46:8C:7D:9E:3D)	0.000	0.000	0.000	0.305	-0.122	0.122	85.79	-40.76	-179.14	-2.917	-47.225	202.492	-0.22202	0.23050	0.64487	0.69400	26.4	10080.1.13	60
2024-12-23 9:46:37:2	WT901BLE67(C3:46:8C:7D:9E:3D)	0.000	0.000	0.000	0.305	-0.122	0.122	86.01	-37.68	-179.53	-2.917	-47.225	202.492	-0.22202	0.23050	0.64487	0.69400	26.4	10080.1.13	60
2024-12-23 9:46:37:93	WT901BLE67(C3:46:8C:7D:9E:3D)	0.000	0.000	0.000	0.305	-0.122	0.122	85.87	-36.05	-179.70	-2.917	-47.225	202.492	-0.20862	0.22162	0.64877	0.69739	26.4	10080.1.13	60
2024-12-23 9:46:37:207	WT901BLE67(C3:46:8C:7D:9E:3D)	0.000	0.000	0.000	0.305	-0.122	0.122	85.83	-33.95	-179.94	-2.917	-47.225	202.492	-0.20862	0.22162	0.64877	0.69739	26.4	10080.1.13	60
2024-12-23 9:46:37:308	WT901BLE67(C3:46:8C:7D:9E:3D)	0.000	0.000	0.000	0.305	-0.122	0.122	86.08	-32.35	179.67	-2.775	-48.200	219.050	-0.20862	0.22162	0.64877	0.69739	26.4	10080.1.13	60
2024-12-23 9:46:37:413	WT901BLE67(C3:46:8C:7D:9E:3D)	0.000	0.000	0.000	0.305	-0.122	0.122	86.12	-31.20	179.56	-2.775	-48.200	219.050	-0.20862	0.22162	0.64877	0.69739	26.4	10080.1.13	60
2024-12-23 9:46:37:524	WT901BLE67(C3:46:8C:7D:9E:3D)	0.000	0.000	0.000	0.305	-0.122	0.122	86.07	-32.02	179.60	-2.775	-48.200	219.050	-0.19067	0.20856	0.65356	0.70206	26.4	10080.1.13	60
2024-12-23 9:46:37:633	WT901BLE67(C3:46:8C:7D:9E:3D)	0.000	0.000	0.000	0.305	-0.122	0.122	85.83	-34.57	179.81	-2.775	-48.200	219.050	-0.19067	0.20856	0.65356	0.70206	26.4	10080.1.13	60
2024-12-23 9:46:37:678	WT901BLE67(C3:46:8C:7D:9E:3D)	0.000	0.000	0.000	0.305	-0.122	0.122	85.56	-39.68	-179.90	-2.575	-47.167	203.575	-0.19067	0.20856	0.65356	0.70206	26.4	10080.1.13	60
2024-12-23 9:46:37:814	WT901BLE67(C3:46:8C:7D:9E:3D)	0.000	0.000	0.000	0.305	-0.122	0.122	85.52	-43.11	-179.77	-2.575	-47.167	203.575	-0.19067	0.20856	0.65356	0.70206	26.4	10080.1.13	60
2024-12-23 9:46:37:884	WT901BLE67(C3:46:8C:7D:9E:3D)	0.000	0.000	0.000	0.305	-0.122	0.122	85.68	-43.13	-179.93	-2.575	-47.167	203.575	-0.25406	0.27347	0.63104	0.67996	26.4	10080.1.13	60
2024-12-23 9:46:38:16	WT901BLE67(C3:46:8C:7D:9E:3D)	0.000	0.000	0.000	0.305	-0.122	0.122	85.90	-42.36	179.81	-2.575	-47.167	203.575	-0.25406	0.27347	0.63104	0.67996	26.4	10080.1.13	60
2024-12-23 9:46:38:84	WT901BLE67(C3:46:8C:7D:9E:3D)	0.000	0.000	0.000	0.305	-0.122	0.122	86.19	-40.24	179.50	-3.925	-46.475	217.733	-0.25406	0.27347	0.63104	0.67996	26.4	10080.1.13	60
2024-12-23 9:46:38:217	WT901BLE67(C3:46:8C:7D:9E:3D)	0.000	0.000	0.000	0.305	-0.122	0.122	86.69	-37.69	179.09	-3.925	-46.475	217.733	-0.25406	0.27347	0.63104	0.67996	26.4	10080.1.13	60
2024-12-23 9:46:38:312	WT901BLE67(C3:46:8C:7D:9E:3D)	0.000	0.000	0.000	0.305	-0.122	0.122	86.64	-34.74	179.26	-3.925	-46.475	217.733	-0.19843	0.21832	0.65399	0.69653	26.4	10080.1.13	60
2024-12-23 9:46:38:420	WT901BLE67(C3:46:8C:7D:9E:3D)	0.000	0.000	0.000	0.305	-0.122	0.122	86.47	-34.91	179.56	-3.925	-46.475	217.733	-0.19843	0.21832	0.65399	0.69653	26.4	10080.1.13	60
2024-12-23 9:46:38:489	WT901BLE67(C3:46:8C:7D:9E:3D)	0.000	0.000	0.000	0.305	-0.122	0.122	86.02	-37.45	-179.91	-2.492	-47.125	202.650	-0.19843	0.21832	0.65399	0.69653	26.4	10080.1.13	60
2024-12-23 9:46:38:645	WT901BLE67(C3:46:8C:7D:9E:3D)	0.000	0.000	0.000	0.305	-0.122	0.122	85.33	-44.45	-179.12	-2.492	-47.125	202.650	-0.19843	0.21832	0.65399	0.69653	26.4	10080.1.13	60
2024-12-23 9:46:38:710	WT901BLE67(C3:46:8C:7D:9E:3D)	0.000	0.000	0.000	0.305	-0.122	0.122	85.02	-47.33	-178.76	-2.492	-47.125	202.650	-0.28699	0.29742	0.61792	0.66876	26.4	10080.1.13	60
2024-12-23 9:46:38:828	WT901BLE67(C3:46:8C:7D:9E:3D)	0.000	0.000	0.000	0.305	-0.122	0.122	84.91	-48.06	-178.75	-2.492	-47.125	202.650	-0.28699	0.29742	0.61792	0.66876	26.4	10080.1.13	60
2024-12-23 9:46:38:900	WT901BLE67(C3:46:8C:7D:9E:3D)	0.000	0.000	0.000	0.305	-0.122	0.122	84.89	-45.47	-178.98	-4.333	-46.458	210.892	-0.28699	0.29742	0.61792	0.66876	26.4	10080.1.13	60
2024-12-23 9:46:39:27	WT901BLE67(C3:46:8C:7D:9E:3D)	0.000	0.000	0.000	0.305	-0.122	0.122	84.89	-43.86	-179.26	-4.333	-46.458	210.892	-0.28699	0.29742	0.61792	0.66876	26.4	10080.1.13	60
2024-12-23 9:46:39:95	WT901BLE67(C3:46:8C:7D:9E:3D)	0.000	0.000	0.000	0.305	-0.122	0.122	85.38	-41.67	-179.85	-4.333	-46.458	210.892	-0.23468	0.25439	0.63742	0.68829	26.4	10080.1.13	60
2024-12-23 9:46:39:231	WT901BLE67(C3:46:8C:7D:9E:3D)	0.000	0.000	0.000	0.305	-0.122	0.122	85.82	-39.40	179.75	-4.333	-46.458	210.892	-0.23468	0.25439	0.63742	0.68829	26.4	10080.1.13	60
2024-12-23 9:46:39:321	WT901BLE67(C3:46:8C:7D:9E:3D)	0.000	0.000	0.000	0.305	-0.122	0.122	86.15	-38.11	179.56	-3.575	-47.275	209.975	-0.23468	0.25439	0.63742	0.68829	26.4	10080.1.13	60
2024-12-23 9:46:39:433	WT901BLE67(C3:46:8C:7D:9E:3D)	0.000	0.000	0.000	0.305	-0.122	0.122	86.01	-40.34	179.76	-3.575	-47.275	209.975	-0.23468	0.25439	0.63742	0.68829	26.4	10080.1.13	60
2024-12-23 9:46:39:502	WT901BLE67(C3:46:8C:7D:9E:3D)	0.000	0.000	0.000	0.305	-0.122	0.122	84.92	-51.75	-179.11	-3.575	-47.275	209.975	-0.29822	0.31580	0.61041	0.66229	26.4	10080.1.13	60
2024-12-23 9:46:39:613	WT901BLE67(C3:46:8C:7D:9E:3D)	0.000	0.000	0.000	0.305	-0.122	0.122	84.85	-52.76	-179.10	-3.575	-47.275	209.975	-0.29822	0.31580	0.61041	0.66229	26.4	10080.1.13	60
2024-12-23 9:46:39:706	WT901BLE67(C3:46:8C:7D:9E:3D)	0.000	0.000	0.000	0.305	-0.122	0.122	84.72	-53.03	-179.17	-5.758	-44.525	204.908	-0.29822	0.31580	0.61041	0.66229	26.4	10080.1.13	60
2024-12-23 9:46:39:815	WT901BLE67(C3:46:8C:7D:9E:3D)	0.000	0.000	0.000	0.305	-0.122	0.122	84.38	-51.61	-179.10	-5.758	-44.525	204.908	-0.29822	0.31580	0.61041	0.66229	26.4	10080.1.13	60
2024-12-23 9:46:39:913	WT901BLE67(C3:46:8C:7D:9E:3D)	0.000	0.000	0.000	0.305	-0.122	0.122	84.33	-49.44	-179.29	-5.758	-44.525	204.908	-0.27658	0.29843	0.61563	0.67477	26.4	10080.1.13	60
2024-12-23 9:46:40:17	WT901BLE67(C3:46:8C:7D:9E:3D)	0.000	0.000	0.000	0.305	-0.122	0.122	84.69	-48.09	-179.60	-5.758	-44.525	204.908	-0.27658	0.29843	0.61563	0.67477	26.4	10080.1.13	60
2024-12-23 9:46:40:107	WT901BLE67(C3:46:8C:7D:9E:3D)	0.000	0.000	0.000	0.305	-0.122	0.122	85.03	-47.67	-179.57	-6.225	-45.642	217.667	-0.27658	0.29843	0.61563	0.67477	26.4	10080.1.13	60
2024-12-23 9:46:40:220	WT901BLE67(C3:46:8C:7D:9E:3D)	0.000	0.000	0.000	0.305	-0.122	0.122	85.36	-46.72	-179.47	-6.225	-45.642	217.667	-0.27658	0.29843	0.61563	0.67477	26.4	10080.1.13	60
2024-12-23 9:46:40:333	WT901BLE67(C3:46:8C:7D:9E:3D)	0.000	0.000	0.000	0.305	-0.122	0.122	85.39	-47.68	-179.15	-6.225	-45.642	217.667	-0.29193	0.30368	0.61697	0.66467	26.4	10080.1.13	60
2024-12-23 9:46:40:445	WT901BLE67(C3:46:8C:7D:9E:3D)	0.000	0.000	0.000	0.305	-0.122	0.122	85.01	-51.44	-178.54	-6.225	-45.642	217.667	-0.29193	0.30368	0.61697	0.66467	26.4	10080.1.13	60
2024-12-23 9:46:40:515	WT901BLE67(C3:46:8C:7D:9E:3D)	0.000	0.000	0.000	0.305	-0.122	0.122	84.07	-59.92	-177.33	-6.825	-42.625	199.892	-0.29193	0.30368	0.61697	0.66467	26.4	10080.1.13	60
2024-12-23 9:46:40:625	WT901BLE67(C3:46:8C:7D:9E:3D)	0.000	0.000	0.000	0.305	-0.122	0.122	84.06	-63.01	-177.06	-6.825	-42.625	199.892	-0.29193	0.30368	0.61697	0.66467	26.4	10080.1.13	60
2024-12-23 9:46:40:715	WT901BLE67(C3:46:8C:7D:9E:3D)	0.000	0.000	0.000	0.305	-0.122	0.122	83.73	-64.11	-176.62	-6.825	-42.625	199.892	-0.37054	0.37509	0.57828	0.62247	26.4	10080.1.13	60
2024-12-23 9:46:40:833	WT901BLE67(C3:46:8C:7D:9E:3D)	0.000	0.000	0.000	0.305	-0.122	0.122	83.70	-63.09	-176.58	-6.825	-42.625	199.892	-0.37054	0.37509	0.57828	0.62247	26.4	10080.1.13	60
2024-12-23 9:46:40:918	WT901BLE67(C3:46:8C:7D:9E:3D)	0.000	0.000	0.000	0.305	-0.122	0.122	84.22	-61.45	-177.07	-7.008	-42.425	196.842	-0.37054	0.37509	0.57828	0.62247	26.4	10080.1.13	60
2024-12-23 9:46:41:31	WT901BLE67(C3:46:8C:7D:9E:3D)	0.000	0.000	0.000	0.305	-0.122	0.122	84.57	-59.57	-177.41	-7.008	-42.425	196.842	-0.37054	0.37509	0.57828	0.62247	26.4	10080.1.13	60
2024-12-23 9:46:41:121	WT901BLE67(C3:46:8C:7D:9E:3D)	0.000	0.000	0.000	0.305	-0.122	0.122	84.94	-58.13	-177.74	-7.008	-42.425	196.842	-0.33865	0.34515	0.59848	0.63867	26.4	10080.1.13	60
2024-12-23 9:46:41:233	WT901BLE67(C3:46:8C:7D:9E:3D)	0.000	0.000	0.000	0.305	-0.122	0.122	85.17	-57.93	-177.93	-7.008	-42.425	196.842	-0.33865	0.34515	0.59848	0.63867	26.4	10080.1.13	60
2024-12-23 9:46:41:346	WT901BLE67(C3:46:8C:7D:9E:3D)	0.000	0.000	0.000	0.305	-0.122	0.122	85.09	-58.41	-177.82	-6.642	-42.892	198.292	-0.33865	0.34515	0.59848	0.63867	26.4	10080.1.13	60
2024-12-23 9:46:41:462	WT901BLE67(C3:46:8C:7D:9E:3D)	0.000	0.000	0.000	0.305	-0.122	0.122	84.96	-58.80	-177.68	-6.642	-42.892	198.292	-0.33865	0.34515	0.59848	0.63867	26.4	10080.1.13	60
